0
1
0
6
0
0
1
1
0
0
2
0
1
1
0
1
1
2
3
0
0
1
2
0
1
3
0
0
4
0
0
1
0
0
1
0
0
2
0
0
1
0
0
2
2
0
1
3
0
0
0
0
0
1
0
1
2
0
1
0
0
5
0
0
6
0
0
0
3
0
0
0
0
0
4
0
0
3
1
1
8
0
3
0
2
0
3
0
0
0
0
0
0
3
0
3
0
4
0
2
2
1
0
4
1
0
0
0
3
3
2
6
1
2
1
3
0
9
2
0
2
4
0
0
0
0
9
0
0
1
2
0
0
0
0
0
1
1
2
0
1
2
2
0
0
3
0
9
6
8
0
3
1
1
3
2
3
4
0
9
4
0
2
0
1
1
0
2
0
0
2
2
1
2
3
0
0
3
1
0
0
1
1
10
0
0
0
1
0
0
1
1
3
0
2
3
1
1
0
6
1
0
3
1
0
0
2
1
0
0
0
0
3
3
5
0
2
2
2
2
8
2
0
7
0
0
3
2
3
7
4
6
0
1
3
11
0
11
59
0
12
14
0
0
0
3
13
1
0
0
6
21
0
12
13
51
0
0
24
0
36
3
5
8
28
0
0
0
0
0
0
0
0
1
1
0
0
2
0
0
0
0
0
0
0
0
0
0
0
0
0
0
0
0
7
0
0
2
20
3
0
7
0
12
10
0
17
7
1
0
0
9
2
0
1
13
3
11
4
12
4
16
0
3
1
10
2
0
0
24
2
0
0
0
3
3
0
0
0
0
0
0
0
0
0
0
0
0
0
0
0
0
5
0
0
0
0
0
12
0
0
0
0
0
0
2
0
0
0
0
1
0
0
1
0
0
1
0
0
0
0
0
0
1
0
0
0
0
1
1
1
2
0
0
1
2
0
1
0
0
2
0
0
0
0
0
0
0
0
1
0
0
0
0
0
1
1
2
0
0
0
0
9
0
0
1
0
12
4
