start
1 0 171.2
1 0.4 171.2
1 0.8 171.6
1 1.2 171.6
1 1.6 172
1 2 172.4
1 2.4 172.4
1 2.8 172.4
end
start
2 2.8 172.8
2 3.2 173.2
2 3.6 173.2
2 4 173.6
2 4.4 173.6
2 4.8 174
2 5.2 174
2 5.6 174.4
2 6 174.4
end
start
3 0 179.6
3 0.4 180
3 0.8 180
3 1.2 180.4
3 1.6 180.4
3 2 180.8
3 2.4 180.8
3 2.8 181.2
3 3.2 181.6
3 3.6 181.6
3 4 182
3 4.4 182.4
3 4.8 182.4
3 5.2 182.8
3 5.6 183.2
3 6 183.2
end
start
4 6.4 10.4
4 6.8 10.4
4 7.2 10.4
4 7.6 10.4
4 8 10.4
4 8.4 10.4
4 8.8 10.4
4 9.2 10.4
4 9.6 10.4
4 10 10.4
4 10.4 10.4
4 10.8 10.4
4 11.2 10
4 11.6 10
4 12 10
4 12.4 10
end
start
5 6.4 174.8
5 6.8 175.2
5 7.2 175.2
5 7.6 175.6
5 8 176
5 8.4 176.4
5 8.8 176.4
5 9.2 176.8
5 9.6 176.8
5 10 177.2
5 10.4 177.6
5 10.8 177.6
5 11.2 178
5 11.6 178
5 12 178.4
5 12.4 178.8
end
start
6 6.4 183.6
6 6.8 183.6
6 7.2 184
6 7.6 184.4
6 8 184.4
6 8.4 184.8
6 8.8 185.2
6 9.2 185.2
6 9.6 185.2
end
start
7 9.6 185.6
7 10 185.6
7 10.4 186
7 10.8 186.4
7 11.2 186.4
7 11.6 186.8
7 12 186.8
7 12.4 187.2
end
start
8 12.8 10
8 13.2 9.6
8 13.6 9.6
8 14 9.6
8 14.4 9.6
8 14.8 9.6
8 15.2 9.6
8 15.6 10
8 16 10
8 16.4 10.4
8 16.8 10.4
8 17.2 10.4
8 17.6 10.8
8 18 10.8
8 18.4 10.8
8 18.8 10.4
end
start
9 12.8 82.8
9 13.2 82.8
9 13.6 81.2
9 14 80.8
9 14.4 80.4
9 14.8 80
9 15.2 79.6
end
start
10 14 96
10 14.4 97.2
10 14.8 98.4
10 15.2 99.6
10 15.6 100.4
10 16 101.6
10 16.4 102
end
start
11 16.4 102.4
11 16.8 103.2
11 17.2 104
11 17.6 104.4
11 18 105.2
11 18.4 105.6
11 18.8 106.4
end
start
12 13.2 179.2
12 13.6 179.2
12 14 179.6
12 14.4 179.6
12 14.8 180
12 15.2 180.4
12 15.6 180.4
12 16 180.8
12 16.4 181.2
12 16.8 181.2
12 17.2 181.6
12 17.6 182
12 18 182
12 18.4 182.4
12 18.8 182.8
end
start
13 12.8 187.6
13 13.2 187.6
13 13.6 188
13 14 188.4
13 14.4 188.4
13 14.8 188.8
13 15.2 189.2
13 15.6 189.2
13 16 189.6
13 16.4 191.6
13 16.8 190
13 17.2 190
13 17.6 190.4
13 18 190.4
13 18.4 190
13 18.8 190.4
end
start
14 19.2 10.4
14 19.6 10.4
14 20 10.4
14 20.4 10.8
14 20.8 10.8
14 21.2 10.8
14 21.6 10.8
14 22 10.4
14 22.4 10.4
14 22.8 10.4
14 23.2 10.4
14 23.6 10.4
14 24 10.8
14 24.4 10.4
14 24.8 10.4
14 25.2 10.4
end
start
15 19.2 57.2
15 20 57.2
15 20.4 57.2
15 20.8 56.4
15 21.2 56
15 21.6 55.6
15 22 55.6
15 22.4 55.2
15 22.8 54.8
15 23.2 54.8
15 24.4 52
15 24.8 52.8
15 25.2 53.2
end
start
16 20.4 108.8
16 20.8 109.6
16 21.2 110
16 21.6 110.8
16 22 111.2
16 22.4 112
16 22.8 112.4
16 23.2 112.8
16 23.6 113.6
16 24 114
16 24.4 114.4
16 24.8 114.8
16 25.2 114.8
end
start
17 19.2 182.8
17 19.6 183.2
17 20 183.6
17 20.4 184
17 20.8 184.4
17 21.2 184.4
17 21.6 184.8
17 22 184.8
17 22.4 185.2
17 24 185.2
17 24.4 185.2
17 24.8 185.2
17 25.2 184.8
end
start
18 19.2 190
18 19.6 189.6
18 20 189.2
18 20.4 189.2
18 20.8 188.8
18 21.2 188.4
18 21.6 188
18 22 187.6
18 22.4 187.2
18 22.8 186.8
18 23.2 186.4
18 23.6 186
18 24 185.6
end
start
19 25.6 10.4
19 26 10.4
19 26.4 10.4
19 26.8 10.4
19 27.2 10.4
19 27.6 10.4
19 28 10.4
19 28.4 10.4
19 28.8 10.4
19 29.2 10.4
19 29.6 10.4
19 30 10.8
19 30.4 10.8
19 30.8 10.8
19 31.2 11.2
19 31.6 11.2
end
start
20 26.4 50.8
20 26.8 50.8
20 29.2 50.8
20 29.6 50.8
20 30 50.4
20 30.4 50
20 30.8 49.6
end
start
21 25.6 52.8
21 26 52.8
21 26.4 52.8
21 26.8 52.4
21 27.2 52.4
21 27.6 52
21 28 52
21 28.4 51.6
21 28.8 51.6
21 29.2 51.2
end
start
22 27.6 102
22 28 101.6
22 28.4 100.8
22 28.8 100
22 29.2 99.2
22 29.6 102
22 30 101.2
22 30.4 100.4
22 30.8 99.6
22 31.2 98.8
22 31.6 98
end
start
23 27.2 108.4
23 27.6 107.2
23 28 106.4
23 28.4 105.6
23 28.8 104.4
23 29.2 103.2
23 29.6 102.4
end
start
24 25.6 117.2
24 26 117.6
24 26.4 118
24 26.8 118.4
24 27.2 118.8
24 27.6 119.2
24 28 119.2
24 28.4 119.6
24 28.8 120
24 29.2 120.4
24 29.6 120.8
24 30 120.8
24 30.4 121.2
24 30.8 121.2
end
start
25 26.4 152.8
25 26.8 153.2
25 27.2 153.2
25 27.6 153.2
25 28.4 153.2
25 28.8 150
25 29.2 150
25 29.6 150
25 30 149.6
25 30.4 149.6
25 30.8 150
25 31.2 150
25 31.6 150
end
start
26 27.6 153.6
26 28.4 153.6
26 28.8 154
26 29.2 154
26 29.6 155.2
26 30 154.4
26 30.4 155.6
26 30.8 155.6
26 31.2 156
end
start
27 25.6 184.4
27 26 184.4
27 26.4 184
27 26.8 183.6
27 27.2 183.2
27 27.6 182.8
27 28 182.8
27 28.4 182.4
27 28.8 182
27 29.2 181.6
27 29.6 181.6
27 30 181.2
27 30.4 180.8
27 30.8 180.4
27 31.2 180.4
27 31.6 180
end
start
28 34.8 89.2
28 35.2 89.2
28 35.6 88.4
28 36 88
28 36.4 87.6
28 36.8 89.2
28 37.2 89.2
28 37.6 88.4
28 38 88
end
start
29 32 94
29 32.4 93.6
29 32.8 95.6
29 33.2 95.2
29 33.6 94.4
29 34 94
29 34.4 93.2
29 34.8 92.8
29 35.2 92
29 35.6 91.2
29 36 90.8
29 36.4 90.4
29 36.8 89.6
end
start
30 32 122.4
30 32.4 122.8
30 32.8 123.2
30 33.2 123.6
30 33.6 124
30 34 124.4
30 34.4 124.8
30 34.8 125.6
30 35.2 126.4
30 35.6 126.8
30 36 127.2
30 36.4 127.6
30 36.8 127.6
end
start
31 32 150
31 32.4 150.4
31 32.8 150.4
31 33.2 150.4
31 33.6 150.4
31 34 150
31 34.4 150
31 34.8 150
31 35.2 150
31 35.6 149.6
31 36 150
31 36.4 150
31 36.8 150
31 37.2 150
31 37.6 150
31 38 150
end
start
32 32 156.4
32 32.4 156.4
32 32.8 156.8
32 33.2 157.2
32 33.6 157.2
32 34 157.6
32 35.2 158.4
32 35.6 158.8
32 36 158.8
32 36.4 158.8
32 36.8 159.2
32 37.2 159.2
32 37.6 159.6
32 38 159.6
end
start
33 32.8 178.8
33 33.2 178.8
33 33.6 178.8
33 34 178.4
33 34.4 178
33 34.8 178
33 35.2 177.6
33 35.6 177.2
33 36 177.2
33 36.4 176.8
33 36.8 176.4
33 37.2 176.4
33 37.6 176
33 38 175.6
end
start
34 38.4 44.4
34 38.8 44.4
34 39.2 43.6
34 39.6 43.6
34 40 43.6
34 40.4 43.6
34 40.8 43.6
34 41.2 43.2
34 41.6 43.2
34 42 42.8
34 42.4 42.8
34 42.8 42.8
34 43.2 42.4
34 43.6 42.4
34 44 42.4
34 44.4 42
end
start
35 42.4 75.2
35 42.8 74.8
35 43.2 74.4
35 43.6 73.6
35 44 73.2
end
start
36 40.8 82.8
36 41.2 82.8
36 41.6 82.4
36 42 81.6
36 42.4 81.2
36 42.8 80.4
36 43.2 82.4
36 43.6 82.4
36 44 82.8
36 44.4 82.8
end
start
37 38.4 87.2
37 38.8 86.4
37 39.2 85.6
37 39.6 85.2
37 40 84.8
37 40.4 84
37 40.8 83.2
37 43.6 84.8
37 44 84.4
37 44.4 84
end
start
38 42.4 95.2
38 42.8 94.4
38 43.2 94
38 43.6 93.2
38 44 92.4
end
start
39 38.4 129.2
39 38.8 129.6
39 39.2 129.6
39 39.6 130
39 40 130.4
39 40.4 130.8
39 40.8 131.2
39 41.2 131.2
39 41.6 131.6
39 42 131.6
39 42.4 132
39 42.8 132
39 43.2 132
39 43.6 132.4
39 44 132.4
39 44.4 132.8
end
start
40 38.4 134.8
40 38.8 135.2
40 39.2 135.2
40 39.6 134.8
40 40 134.8
40 40.4 134.8
40 40.8 134.8
40 41.2 134.8
40 41.6 134.8
40 42 134.8
40 42.4 134.8
40 42.8 135.2
40 43.2 135.2
40 43.6 135.6
40 44 135.6
40 44.4 135.6
end
start
41 38.4 150
41 38.8 149.6
41 39.2 149.6
41 39.6 150
41 40 150
41 40.4 150
41 40.8 149.6
41 41.2 149.6
41 41.6 149.6
41 42 149.6
41 42.4 149.6
end
start
42 38.4 160.4
42 38.8 160.4
42 39.2 160.8
42 39.6 160.8
42 40 162.4
42 40.4 166
42 40.8 164.8
42 41.2 163.6
42 41.6 163.2
42 42 166
42 42.4 165.2
42 42.8 164.4
42 43.2 163.6
42 43.6 166
42 44 165.2
42 44.4 164.4
end
start
43 40.4 168
43 40.8 171.2
43 41.2 172
43 41.6 172.4
43 42 172.4
43 42.4 172.4
43 42.8 170.4
43 43.2 170.8
43 43.6 166.4
end
start
44 38.4 175.2
44 38.8 175.2
44 39.2 174.8
44 39.6 174.8
44 40 174.4
44 40.4 174
44 40.8 174
44 41.2 173.6
44 42.4 172.8
44 42.8 172.8
44 43.2 173.2
44 43.6 173.2
44 44 173.6
44 44.4 173.6
end
start
45 44.8 42
45 45.2 41.6
45 45.6 41.6
45 46 42.4
45 46.4 42
45 46.8 42
45 47.2 41.6
45 47.6 41.2
45 48 40.8
45 48.4 42.4
45 48.8 42.4
45 49.2 42
45 49.6 42
45 50 42
45 50.4 41.2
45 50.8 41.2
end
start
46 45.6 68
46 46 67.2
46 46.4 66.8
46 46.8 66.4
46 47.2 65.6
46 47.6 65.2
46 48 64.4
46 48.4 70
46 48.8 70
46 49.2 69.6
46 49.6 68.8
46 50 68.8
46 50.4 68
46 50.8 70
end
start
47 45.2 76.4
47 45.6 76.4
47 46 76
47 46.4 75.6
47 46.8 75.2
47 47.2 74.8
47 47.6 74
47 48 73.6
47 48.4 73.2
47 48.8 72.8
47 49.2 72.4
47 49.6 71.6
47 50 71.2
47 50.4 70.8
47 50.8 70.4
end
start
48 44.8 81.6
48 45.2 82
48 45.6 81.6
48 46 81.2
48 46.4 80.4
48 50.4 79.6
48 50.8 81.2
end
start
49 44.8 84
49 45.2 83.6
49 45.6 84
49 46 84
49 46.4 84.4
end
start
50 47.2 102
50 47.6 101.2
50 48 100.8
50 48.4 100
50 48.8 102
50 49.2 101.6
50 49.6 101.2
50 50 100.8
50 50.4 100
50 50.8 99.6
end
start
51 46.4 103.2
51 46.8 105.2
51 47.2 104.8
51 47.6 104.4
51 48 103.6
end
start
52 48.4 120.8
52 48.8 120.4
52 49.2 119.6
52 49.6 118.8
52 50 119.6
52 50.4 120
52 50.8 120
end
start
53 44.8 133.2
53 45.2 133.2
53 45.6 133.6
53 46 134
53 46.4 134
53 46.8 134
end
start
54 44.8 135.2
54 45.2 135.6
54 45.6 135.6
54 46 136
54 46.4 136
54 46.8 136.4
54 47.2 136.4
54 47.6 136.8
54 48 135.2
54 48.4 135.6
54 48.8 136
54 49.2 136.4
54 49.6 137.2
54 50 137.6
54 50.4 138
54 50.8 138
end
start
55 48.4 153.2
55 48.8 153.2
55 49.2 152.4
55 49.6 152
55 50 151.2
55 50.4 153.2
55 50.8 152.8
end
start
56 44.8 158.8
56 45.2 158.4
56 45.6 157.6
56 46 159.6
56 46.4 159.2
56 46.8 158.8
56 47.2 158.4
56 47.6 159.6
56 48 159.6
56 48.4 159.2
56 48.8 158.4
56 49.2 158
56 49.6 157.6
56 50 156.8
56 50.4 156.4
56 50.8 156
end
start
57 44.8 164
57 45.2 163.2
57 45.6 162.8
57 46 162.4
57 46.4 161.6
57 46.8 161.2
57 47.2 160.8
57 47.6 160
end
start
58 44.8 173.6
58 45.2 174
58 45.6 174
58 46 174
58 46.4 174
58 46.8 174
58 47.2 174
58 47.6 174
58 48 174
58 48.4 174
58 48.8 174
58 49.2 174
58 49.6 174
58 50 174
58 50.4 174
58 50.8 174
end
start
59 54.8 10
59 55.2 10
59 55.6 10.4
59 56 10.4
59 56.4 10
59 56.8 9.6
59 57.2 10
end
start
60 53.2 38
60 53.6 38
60 54 38
60 54.4 38
60 54.8 38
60 55.2 37.6
60 55.6 37.6
60 56 37.6
60 56.4 37.6
60 56.8 37.6
60 57.2 37.6
end
start
61 51.2 41.2
61 51.6 40.8
61 52 40.8
61 52.4 40.8
61 52.8 40.4
61 53.2 40.4
61 53.6 40
61 54 40
61 54.4 39.6
61 54.8 39.6
61 55.2 39.6
61 55.6 39.6
61 56 39.6
61 56.4 41.6
61 56.8 41.6
61 57.2 42
end
start
62 51.2 70
62 51.6 69.6
62 52 69.2
62 52.4 68.4
62 52.8 68
62 53.2 67.6
62 53.6 67.2
62 54 66.4
62 54.4 66
62 54.8 65.6
62 55.2 65.2
62 55.6 64.8
62 56 64.4
62 56.4 64
62 56.8 64
end
start
63 53.6 75.6
63 54 75.2
63 54.4 76.4
63 54.8 76.4
63 55.2 75.6
63 55.6 75.2
63 56 74.8
63 56.4 74
63 56.8 73.6
63 57.2 73.6
end
start
64 51.2 80.8
64 51.6 80.4
64 52 80
64 52.4 79.6
64 52.8 78.8
64 53.2 78.4
64 53.6 78
64 54 77.2
64 54.4 76.8
end
start
65 54 89.2
65 54.4 89.2
65 56 89.2
65 56.4 89.2
65 57.2 85.6
end
start
66 51.6 95.6
66 52 95.6
66 52.4 94.8
66 52.8 94
66 53.2 95.6
66 53.6 95.2
66 54 95.2
66 54.4 94.4
66 54.8 94
66 55.2 93.6
66 55.6 93.2
66 56 92.4
66 56.4 92
66 56.8 91.2
66 57.2 90.8
end
start
67 51.2 98.8
67 51.6 98
67 52 97.6
67 52.4 97.2
67 52.8 96.8
end
start
68 52.8 114.8
68 53.2 114.4
68 53.6 114
68 54 111.6
68 54.4 114.8
68 54.8 114.8
68 55.2 110
end
start
69 51.2 119.2
69 51.6 118.8
69 52 118.4
69 52.4 118
69 52.8 117.6
69 53.2 116.8
69 53.6 116.4
69 54 115.6
69 54.4 115.2
end
start
70 51.2 138.4
70 51.6 138.4
70 52 138.8
70 52.4 138.8
70 52.8 138.8
70 53.2 139.2
70 53.6 139.6
70 54 139.6
70 54.4 140
70 54.8 140
70 55.2 140.4
70 56 135.6
70 56.4 135.6
70 56.8 138.8
70 57.2 140.4
end
start
71 52 146.8
71 52.4 146.8
71 52.8 146
71 53.2 145.6
71 53.6 144.8
71 54 146.8
71 54.4 146
71 54.8 145.2
71 55.2 144.8
71 55.6 144
71 56 143.6
71 56.4 146.8
71 56.8 145.6
71 57.2 145.6
end
start
72 51.2 152
72 51.6 151.6
72 52 150.4
72 52.4 153.2
72 52.8 152.8
72 53.2 152.4
72 53.6 152
72 54 151.2
72 54.4 150.8
72 54.8 149.6
72 55.2 148.8
72 55.6 148.4
72 56 148
72 56.4 147.2
end
start
73 51.2 174
73 51.6 174
73 52 173.6
73 52.4 173.6
73 52.8 173.6
73 53.2 173.6
73 53.6 173.6
73 54 173.6
73 54.4 173.2
73 54.8 173.2
73 55.2 173.2
73 55.6 173.2
73 56 172.8
73 56.4 172.8
73 56.8 172.8
73 57.2 172.8
end
start
74 55.6 191.6
74 56 191.6
74 56.4 191.2
74 56.8 191.2
74 57.2 190.8
end
start
75 57.6 9.6
75 58 9.6
75 58.4 10
75 58.8 9.6
75 59.2 10
75 59.6 10
75 60 10
75 60.4 10.4
75 60.8 10.4
75 61.2 10.4
75 61.6 10.4
75 62 10.4
75 62.4 10.4
75 62.8 10.4
75 63.2 10.4
75 63.6 10.4
end
start
76 57.6 37.2
76 58 37.2
76 58.4 37.2
76 58.8 37.2
76 59.2 37.2
76 59.6 37.2
76 60 37.2
76 60.4 37.2
76 60.8 37.2
76 61.2 37.2
76 61.6 37.2
76 62 37.2
76 62.4 36.8
76 62.8 36.8
76 63.2 36.8
76 63.6 36.8
end
start
77 57.6 42.8
77 58 43.6
77 58.4 44
77 58.8 40.8
77 59.2 40.8
77 59.6 40.4
77 60 40.4
77 60.4 38.8
77 60.8 38.8
77 61.2 38.8
77 61.6 38.8
77 62 38.8
77 62.4 38.4
77 62.8 38.4
77 63.2 38.4
77 63.6 38.4
end
start
78 57.6 62.8
78 58 62.8
78 58.4 62.4
78 58.8 62
78 59.2 61.6
78 59.6 60.8
78 60 60.4
78 60.4 60
78 60.8 59.6
78 61.2 59.2
78 61.6 58.8
78 62 58.4
78 62.4 58
78 62.8 57.6
78 63.6 63.6
end
start
79 58 70
79 58.4 70
79 58.8 69.6
79 59.2 69.2
79 59.6 68.8
79 60 70
79 60.4 70
79 60.8 69.6
79 61.2 68.8
79 61.6 68.4
79 62 68
79 62.4 67.6
79 62.8 67.2
79 63.2 67.2
79 63.6 66.8
end
start
80 57.6 73.2
80 58 72.4
80 58.4 72
80 58.8 71.6
80 59.2 71.2
80 59.6 70.8
80 60 70.4
end
start
81 57.6 82.4
81 58 82
81 58.4 81.6
81 58.8 82
81 59.2 82.4
81 59.6 82.8
81 60 82.8
81 60.4 80.8
81 60.8 81.2
81 61.2 81.6
81 61.6 81.6
81 62 82
81 62.4 82.4
end
start
82 57.6 86
82 58 89.2
82 58.4 89.2
82 58.8 88.4
82 59.2 88
82 59.6 87.6
82 60 86.8
82 60.4 86.4
82 60.8 86
82 61.2 85.6
82 61.6 84.8
82 62 84.4
82 62.4 83.6
82 62.8 83.2
end
start
83 57.6 134
83 58 133.2
83 58.4 132.8
83 58.8 132
83 59.2 134
83 59.6 134
83 60 133.2
83 60.4 132.8
83 60.8 134
83 61.2 133.6
83 61.6 133.2
83 62 132.4
83 62.4 134
83 62.8 134
83 63.2 133.2
83 63.6 132.4
end
start
84 57.6 140
84 58 139.2
84 58.4 138.8
84 58.8 140.4
84 59.2 140.4
84 59.6 140
84 60 138.8
84 60.4 138.4
84 60.8 138
84 61.2 137.6
84 61.6 136.4
84 62 136
84 62.4 135.6
84 62.8 135.2
84 63.6 137.6
end
start
85 57.6 165.2
85 58 165.2
85 58.4 165.2
85 58.8 165.6
85 59.2 165.6
85 59.6 165.6
85 60 164.8
85 60.4 164.8
85 60.8 166
85 61.2 166
85 61.6 165.6
85 62 165.2
85 62.4 164.8
85 62.8 166
85 63.2 166
85 63.6 165.2
end
start
86 57.6 172.4
86 58 172.4
86 58.4 172.4
86 58.8 172
86 59.2 172
86 59.6 172
86 60 171.6
86 60.4 171.6
86 60.8 171.6
86 61.2 171.2
86 61.6 171.2
86 62 170.8
86 62.4 170.8
86 62.8 170.8
86 63.2 170.4
86 63.6 170.4
end
start
87 57.6 190.4
87 58 190.4
87 58.4 190
87 58.8 190
87 59.2 189.6
87 59.6 189.6
87 60 189.2
87 60.4 189.2
87 60.8 188.8
87 61.2 188.4
87 61.6 188
87 62 188
87 62.4 187.6
87 62.8 187.6
87 63.2 187.2
87 63.6 187.2
end
start
88 64 10.4
88 64.4 10.4
88 64.8 10.4
88 65.2 10.4
88 65.6 10.4
88 66 10.8
88 66.4 10.8
88 66.8 10.8
88 67.2 10.8
88 67.6 10.8
88 68 10.4
88 68.4 10.4
88 68.8 10.4
88 69.2 10.4
88 69.6 10.4
88 70 10.8
end
start
89 64 36.8
89 64.4 36.8
89 64.8 36.8
89 65.2 36.8
89 65.6 36.8
89 66 36.8
89 66.4 36.8
89 66.8 36.8
89 67.2 36.8
89 67.6 36.8
89 68 36.4
89 68.4 36.8
89 68.8 36.8
89 69.2 36.8
89 69.6 36.8
89 70 36.8
end
start
90 64 38.4
90 64.4 40.8
90 64.8 41.6
90 65.2 41.6
90 65.6 42
90 66 42
90 66.4 43.2
90 66.8 38.4
90 67.2 38.4
90 67.6 41.2
90 68 41.2
90 68.4 41.2
90 68.8 41.6
90 69.2 41.6
90 69.6 41.6
90 70 42
end
start
91 64 48
91 64.4 48.4
91 64.8 48
91 65.2 48
91 65.6 48
91 66 48
91 66.4 48.4
91 66.8 48.4
91 67.2 48.8
91 67.6 49.6
91 68 49.6
91 68.4 50
91 68.8 49.6
91 69.2 49.6
91 69.6 49.6
91 70 49.6
end
start
92 64 56.4
92 64.4 56
92 64.8 55.2
92 65.2 54.8
92 65.6 54.4
92 66 54
92 66.4 53.6
92 66.8 53.2
92 67.2 52.8
92 67.6 52.4
92 68 52.4
92 68.4 52
92 68.8 51.6
92 70 57.2
end
start
93 64 63.6
93 64.4 63.2
93 64.8 62.8
93 65.2 62.4
93 65.6 62
93 66 61.2
93 66.4 63.6
93 66.8 63.6
93 67.2 63.6
93 67.6 63.2
93 68 62.8
93 68.4 62.4
93 68.8 62
93 69.2 61.6
93 69.6 61.2
93 70 60.4
end
start
94 64 66.4
94 64.4 66
94 64.8 65.6
94 65.2 64.8
94 65.6 64.4
94 66 64.4
94 66.4 64
94 67.2 70
94 67.6 70
94 68 69.6
94 68.4 69.2
94 68.8 68.4
94 69.2 68
94 69.6 67.6
94 70 67.2
end
start
95 65.2 72.8
95 65.6 72.4
95 66 72
95 66.4 71.6
95 66.8 70.8
95 67.2 70.4
end
start
96 67.6 82.8
96 68 82.4
96 68.4 81.6
96 68.8 81.2
96 69.2 82.8
96 69.6 82.8
96 70 82
end
start
97 64.8 86.8
97 65.2 86.8
97 65.6 86.4
97 66 86.8
97 66.8 87.6
97 67.2 88.8
97 67.6 89.2
97 68.4 86
97 68.8 87.6
97 69.2 83.6
97 70 89.2
end
start
98 65.2 93.2
98 65.6 95.2
98 66 95.6
98 66.4 91.6
98 66.8 91.6
98 67.2 95.2
98 67.6 95.6
98 68 92.8
98 68.4 92.8
98 68.8 92.8
98 69.2 92.4
98 69.6 92.4
98 70 92.4
end
start
99 64 100
99 64.4 102
99 64.8 101.6
99 65.2 100.8
99 65.6 100
99 66 96
99 66.4 96.8
99 66.8 97.2
99 67.2 97.6
99 67.6 98
99 68 98.8
99 68.4 101.6
99 68.8 102
99 69.2 96.4
99 69.6 96.4
99 70 102
end
start
100 64 102.4
100 67.2 105.6
100 67.6 107.2
100 68 108
100 68.4 108.4
100 68.8 102.4
100 69.2 103.2
100 69.6 108.4
100 70 108
end
start
101 67.6 114.4
101 68 114.8
101 68.4 112
101 68.8 113.6
101 69.2 114.4
101 69.6 112.8
101 70 114.4
end
start
102 67.2 121.2
102 67.6 120.8
102 68 120
102 68.4 119.6
102 68.8 121.2
102 69.2 120.8
102 69.6 120.4
102 70 119.2
end
start
103 64 126.4
103 64.4 127.6
103 64.8 127.6
103 65.2 124.4
103 65.6 126
103 66 127.6
103 66.4 127.2
103 66.8 127.2
103 67.2 126.4
103 67.6 126
103 68 124.8
103 68.4 124.4
103 68.8 124
103 69.2 123.6
103 69.6 123.2
103 70 122.4
end
start
104 64 131.6
104 64.4 130.8
104 64.8 130.4
104 65.2 134
104 65.6 129.6
104 66 129.2
end
start
105 64 159.2
105 64.4 158.8
105 64.8 158.4
105 65.2 158.4
105 65.6 158
105 66 157.6
105 66.4 157.6
105 66.8 157.2
105 67.2 157.2
105 67.6 156.8
105 68 159.6
105 68.4 159.2
105 68.8 158.4
105 69.2 157.6
105 69.6 155.2
105 70 154.4
end
start
106 64 164.4
106 64.4 162.4
106 64.8 166
106 65.2 165.2
106 65.6 164.4
106 66 164
106 66.4 163.2
106 66.8 162.4
106 67.2 166
106 67.6 166
106 68 165.6
106 68.4 165.2
106 68.8 164.8
106 69.2 164.8
106 69.6 164.4
106 70 164
end
start
107 64 170.4
107 64.4 170
107 64.8 170
107 65.2 169.6
107 65.6 169.6
107 66 169.6
107 66.4 169.2
107 66.8 169.2
107 67.2 168.8
107 67.6 168.8
107 68 168.8
107 68.4 168.4
107 68.8 168.4
107 69.2 168
107 69.6 167.6
107 70 167.6
end
start
108 66.8 185.2
108 67.2 185.2
108 67.6 185.2
108 68 184.8
108 68.4 184.8
108 68.8 184.4
108 69.2 184
108 69.6 184
108 70 183.6
end
start
109 64 186.8
109 64.4 186.8
109 64.8 186.4
109 65.2 186.4
109 65.6 186
109 66 186
109 66.4 185.6
109 66.8 185.6
end
start
110 70.4 10.8
110 70.8 10.8
110 71.2 10.8
110 71.6 10.8
110 72 10.8
110 72.4 10.8
110 72.8 10.8
110 73.2 11.2
110 73.6 10.8
110 74 10.4
110 74.4 10.4
110 74.8 10.4
110 75.2 10.8
110 75.6 10.8
110 76 10.8
110 76.4 10.8
end
start
111 70.4 36.8
111 70.8 36.8
111 71.2 36.8
111 71.6 36.8
111 72 36.8
111 72.4 37.2
111 72.8 37.2
111 73.2 37.2
111 73.6 37.2
111 74 37.6
111 74.4 37.6
111 74.8 37.6
111 75.2 37.6
111 75.6 37.6
111 76 38
111 76.4 38
end
start
112 70.4 42
112 70.8 44.4
112 71.2 44.4
112 71.6 42.4
112 72 44.4
112 72.4 44.4
112 72.8 43.6
112 73.2 43.6
112 73.6 44.4
112 74 43.2
112 74.4 43.2
112 74.8 43.2
112 75.2 43.6
112 75.6 43.6
112 76 44.4
112 76.4 44
end
start
113 70.4 50.8
113 70.8 50.8
113 71.2 50
113 71.6 49.6
113 72 49.6
113 72.4 48.8
113 72.8 49.6
113 73.2 49.6
113 73.6 50
113 74 50.4
113 74.4 50.8
113 74.8 50.8
113 75.2 46.8
end
start
114 70.4 57.2
114 70.8 56.8
114 71.2 56.4
114 71.6 56
114 72 55.6
114 72.4 57.2
114 72.8 56.8
114 73.2 56.8
114 74.4 53.2
114 74.8 56
114 75.2 56
114 75.6 55.6
114 76 55.6
114 76.4 55.2
end
start
115 70.4 59.6
115 70.8 59.2
115 71.2 58.8
115 71.6 58.8
115 72 57.6
115 72.8 63.6
115 73.2 63.6
115 73.6 62.8
115 74 62.4
115 74.4 62
115 74.8 61.6
115 75.2 61.6
115 75.6 61.2
115 76 60.4
115 76.4 60
end
start
116 70.4 66.8
116 70.8 66
116 71.2 65.6
116 71.6 65.2
116 72 64.8
116 72.4 64.4
116 72.8 64
116 76 70
116 76.4 69.6
end
start
117 73.6 76.4
117 74 76.4
117 74.4 76
117 74.8 75.6
117 75.2 75.2
117 75.6 75.2
117 76 74.8
117 76.4 76.4
end
start
118 70.4 81.2
118 70.8 81.2
118 71.2 82.8
118 71.6 82.8
118 72 82.4
118 72.4 82
118 72.8 82
118 73.2 81.6
118 73.6 82.8
118 74 81.2
118 74.4 82.8
118 74.8 81.2
118 75.2 82.8
118 75.6 82
118 76 80.4
118 76.4 80
end
start
119 70.4 84.8
119 70.8 84
119 71.2 83.6
119 71.6 89.2
119 72 87.6
119 72.4 87.2
119 72.8 89.2
119 73.2 89.2
119 73.6 88
119 74 87.2
119 74.4 86.4
119 74.8 83.6
119 76.4 86
end
start
120 70.4 95.6
120 70.8 95.6
120 71.2 94.8
120 71.6 89.6
120 72.4 95.6
120 72.8 90
120 73.6 94
120 74 93.6
120 74.4 93.6
120 74.8 92.8
120 75.2 92.8
120 75.6 95.6
120 76 95.6
120 76.4 95.2
end
start
121 70.4 102
121 70.8 101.2
121 71.2 99.2
121 71.6 98
121 72 96.8
121 72.4 96.4
121 72.8 96
121 74 102
121 74.8 102
121 75.2 98.8
121 75.6 96
121 76 98.8
121 76.4 98.4
end
start
122 71.2 104.8
122 71.6 104.4
122 72 104
122 72.4 102.8
122 72.8 102.8
122 73.6 107.2
122 74 107.2
122 74.4 107.2
122 74.8 107.2
122 75.2 107.2
122 75.6 107.2
122 76 107.2
122 76.4 107.2
end
start
123 72 114.8
123 72.4 114.4
123 72.8 114
123 73.2 113.6
123 73.6 114.8
123 74 114.4
123 74.4 114
123 74.8 113.6
123 75.2 114.8
123 75.6 114.8
123 76 114.4
123 76.4 114
end
start
124 70.4 121.2
124 70.8 120.8
124 71.2 120.4
124 71.6 120
124 72 119.2
124 72.4 118.8
124 72.8 118.4
124 73.2 117.6
124 73.6 117.2
124 74 116.8
124 74.4 116.4
124 74.8 116
124 75.2 115.2
end
start
125 73.2 146.8
125 73.6 146.8
125 74 146.4
125 74.4 145.2
125 74.8 144.4
125 75.2 144
125 75.6 143.2
125 76 145.6
125 76.4 146
end
start
126 70.4 153.2
126 70.8 152.4
126 71.2 151.6
126 71.6 150.8
126 72 150
126 72.4 148.8
126 72.8 148
126 73.2 147.6
126 74.8 147.6
126 75.2 153.2
126 75.6 152.8
126 76 151.6
126 76.4 149.6
end
start
127 70.4 153.6
127 72.8 159.6
127 73.2 159.2
127 73.6 158.4
127 74 156.8
127 74.4 155.6
127 74.8 154.8
127 75.2 159.6
127 75.6 159.2
127 76 158.8
127 76.4 158.4
end
start
128 70.4 163.6
128 70.8 162.8
128 71.2 162.4
128 71.6 166
128 72 166
128 72.4 165.2
128 72.8 164.8
128 73.2 164
128 73.6 163.6
128 74 163.2
128 74.4 163.2
128 74.8 162.8
128 75.2 162.4
128 75.6 162
128 76 161.2
128 76.4 160.8
end
start
129 70.4 183.6
129 70.8 183.2
129 71.2 183.2
129 71.6 182.8
129 72 182.8
129 72.4 182.8
129 72.8 182.4
129 73.2 182.4
129 73.6 182
129 74 182
129 74.4 181.6
129 74.8 181.6
129 75.2 181.2
129 75.6 181.2
129 76 180.8
129 76.4 180.8
end
start
130 76.8 11.2
130 77.2 11.2
130 77.6 11.2
130 78 10.8
130 78.4 10.8
130 78.8 10.8
130 79.2 11.2
130 79.6 11.2
130 80 11.2
130 80.4 11.2
130 80.8 11.2
130 81.2 11.2
130 81.6 11.2
130 82 11.2
130 82.4 11.2
130 82.8 11.6
end
start
131 76.8 40
131 77.2 44.4
131 77.6 44.4
131 78 40.4
131 78.4 40.4
131 78.8 40.4
131 79.2 40.8
131 79.6 44.4
131 80 44.4
131 80.4 44
131 80.8 44
131 81.2 44.4
131 81.6 44.4
131 82 40.8
131 82.4 43.6
131 82.8 43.2
end
start
132 77.2 50.8
132 77.6 50.8
132 78 50.8
132 78.4 50.4
132 78.8 50
132 79.2 50
132 79.6 49.6
132 80 49.6
132 80.4 49.2
132 80.8 49.2
132 81.2 50.8
132 81.6 50.8
132 82 50.4
132 82.4 48.4
132 82.8 50
end
start
133 76.8 54.8
133 77.2 54.4
133 77.6 54
133 78 54
133 78.4 52.8
133 79.2 57.2
133 79.6 57.2
133 80 56.8
133 80.4 56.4
133 80.8 56
133 81.2 55.6
133 81.6 55.6
end
start
134 76.8 60
134 77.2 59.6
134 77.6 59.2
134 78 58.4
134 78.4 58
134 78.8 57.6
end
start
135 76.8 69.2
135 77.6 69.2
135 78 70
135 79.2 69.6
135 79.6 70
135 80 66.8
135 80.8 70
135 81.2 69.6
135 81.6 68
135 82.4 67.6
135 82.8 69.2
end
start
136 76.8 74.8
136 77.2 74.8
136 77.6 75.2
136 78 75.2
136 78.4 75.2
136 78.8 76.4
136 79.2 75.6
136 79.6 75.6
136 80 75.2
136 80.4 73.2
136 80.8 72.8
136 81.6 71.6
136 82 72.8
136 82.4 73.2
end
start
137 76.8 79.2
137 77.2 78.8
137 77.6 78.4
137 78 82.8
137 78.4 82.8
137 78.8 82
end
start
138 76.8 85.6
138 77.2 84.8
138 77.6 84.4
138 78 83.2
138 80 84.4
138 80.4 84
138 80.8 85.2
138 81.2 85.2
138 81.6 85.2
138 82 84.8
138 82.4 84.8
138 82.8 84.8
end
start
139 76.8 94.8
139 77.2 94.4
139 77.6 94
139 78 94
139 78.4 92.4
139 78.8 92
139 79.2 95.6
139 79.6 95.6
139 80 95.2
139 80.4 91.2
end
start
140 76.8 98.4
140 77.2 102
140 77.6 102
140 78 101.6
140 78.4 101.2
140 78.8 100.8
140 79.2 102
140 79.6 102
140 80 101.6
140 80.4 101.6
140 80.8 101.2
140 81.2 100.8
140 81.6 102
140 82 100.4
140 82.4 100.4
140 82.8 100.4
end
start
141 76.8 107.2
141 77.2 108.4
141 77.6 108.4
141 78 108
141 78.4 107.2
141 78.8 108.4
141 79.2 108
141 79.6 107.6
141 80 107.2
141 80.4 106.8
141 80.8 108.4
141 81.2 108
141 81.6 107.6
141 82 107.2
141 82.4 106.8
141 82.8 106.4
end
start
142 76.8 113.2
142 77.2 112.8
142 77.6 112.4
142 78 112
142 78.4 111.6
142 78.8 110.8
142 79.2 110.4
142 79.6 110
142 80 109.6
142 80.4 109.2
142 80.8 108.8
end
start
143 76.8 140.4
143 77.2 140.4
143 77.6 139.6
143 78 138.8
143 78.4 138
143 78.8 140.4
143 79.2 140
143 79.6 139.6
143 80 140
143 80.4 140.4
143 80.8 136
143 81.2 136.4
143 81.6 136.8
143 82 136.8
143 82.4 136.8
143 82.8 140.4
end
start
144 76.8 146
144 77.2 146.4
144 77.6 146.4
144 78 146.8
144 78.4 146.8
144 78.8 143.6
144 79.2 144
144 79.6 144.4
144 80 144.4
144 80.4 143.2
144 80.8 143.6
144 81.2 144
144 81.6 144
144 82 144
144 82.4 144.4
144 82.8 144.4
end
start
145 76.8 148
145 77.2 148
145 77.6 147.6
145 78.8 147.2
145 79.2 147.2
145 79.6 147.6
145 80 147.6
145 80.4 153.2
145 80.8 152.8
145 81.2 152.4
145 81.6 151.2
145 82 150.4
145 82.4 153.2
145 82.8 153.2
end
start
146 76.8 158
146 77.2 157.6
146 77.6 159.6
146 78 159.6
146 78.4 159.2
146 78.8 158.8
146 79.2 158
146 79.6 157.6
146 80 157.2
146 80.4 156.4
146 80.8 156
146 81.2 155.2
146 81.6 154.8
146 82 154.4
146 82.4 153.6
end
start
147 80.8 178.8
147 81.2 178.8
147 81.6 178.8
147 82 178.4
147 82.4 178.4
147 82.8 178
end
start
148 76.8 180.4
148 77.2 180.4
148 77.6 185.2
148 78 185.2
148 78.4 184.8
148 78.8 184.8
148 79.2 184.4
148 79.6 184
148 80 184
148 80.4 184
148 80.8 183.6
148 81.2 183.6
148 81.6 183.2
148 82 183.6
148 82.4 183.2
148 82.8 182.8
end
start
149 83.2 11.2
149 83.6 11.2
149 84 11.6
149 84.4 11.6
149 84.8 11.2
149 85.2 11.2
149 85.6 11.2
149 86 11.6
149 86.4 11.6
149 86.8 11.6
149 87.2 11.6
149 87.6 11.6
149 88 11.2
149 88.4 11.2
149 88.8 11.2
149 89.2 11.6
end
start
150 83.2 43.2
150 83.6 43.6
150 84 43.6
150 84.4 44
150 84.8 44.4
150 85.2 44.4
150 85.6 42.4
150 86 42.4
150 86.4 42.4
150 86.8 42.4
150 87.2 42.4
150 87.6 42.4
150 88 42.4
150 88.4 42.4
150 88.8 42.4
150 89.2 42.8
end
start
151 83.2 50.8
151 83.6 50.8
151 84 50.8
151 84.4 50.4
151 84.8 50
151 85.2 50
151 85.6 49.6
151 86 49.2
151 86.4 48.8
151 86.8 48.4
151 87.2 48
151 87.6 47.6
151 88 47.2
151 88.4 47.2
151 88.8 46.8
151 89.2 46.8
end
start
152 84.8 62.4
152 85.2 62
152 85.6 61.2
152 86 60.8
152 86.4 60
152 86.8 59.2
152 87.2 58.8
152 87.6 58
152 88 57.6
end
start
153 83.2 66.4
153 83.6 70
153 84 69.6
153 84.4 68.8
153 84.8 66.8
153 85.2 67.6
153 85.6 68
153 86 67.6
153 86.4 67.6
153 86.8 67.2
153 87.2 67.2
153 87.6 66.8
153 88 66
153 88.4 64.8
153 88.8 64.4
153 89.2 64.4
end
start
154 83.2 84.8
154 83.6 84.4
154 84 84.4
154 84.4 84.4
154 84.8 85.2
154 85.2 85.2
154 86 85.6
154 86.4 86
154 86.8 86.4
154 87.2 86.4
154 87.6 86.8
154 88 87.2
154 88.4 87.6
154 88.8 87.6
154 89.2 87.6
end
start
155 83.2 100.4
155 83.6 100
155 84 100.4
155 84.4 100.4
155 84.8 100
155 85.2 99.6
155 85.6 99.2
155 86 98.8
155 86.4 102
155 86.8 102
155 87.2 101.6
155 87.6 100.8
155 88 101.2
155 88.4 101.2
155 88.8 101.2
155 89.2 101.6
end
start
156 83.2 106
156 83.6 105.6
156 84 104.8
156 84.4 106.4
156 84.8 106.4
156 85.2 106.4
156 85.6 106.4
156 86 106
156 86.4 104.4
156 86.8 104
156 87.2 104
156 87.6 104
156 88 104
156 88.4 104
156 88.8 103.2
156 89.2 103.2
end
start
157 86 119.6
157 86.4 119.6
157 86.8 119.2
157 87.2 118.8
157 87.6 121.2
157 88 120.8
157 88.4 120.4
157 88.8 119.6
157 89.2 119.2
end
start
158 84 127.6
158 84.4 126.8
158 84.8 126.4
158 85.2 126
158 85.6 125.6
158 86 124.8
158 86.4 124.4
158 86.8 123.6
158 87.2 122.8
158 87.6 122
end
start
159 83.2 140.4
159 83.6 137.2
159 84 137.6
159 84.4 138
159 84.8 137.6
159 85.2 138
159 85.6 138
159 86 138.4
159 86.4 138.4
159 86.8 138.4
159 87.2 138.4
159 87.6 138.8
159 88 138.8
159 88.4 138.8
159 88.8 138.8
159 89.2 138.8
end
start
160 83.2 144.8
160 83.6 145.2
160 84 145.6
160 84.4 145.6
160 84.8 146
160 85.2 146.4
160 85.6 146.4
160 86 146.4
160 86.4 146.8
160 86.8 146.8
160 87.2 146.8
160 87.6 144.4
end
start
161 83.2 152.4
161 83.6 152
161 84 151.2
161 84.4 150.8
161 84.8 152
161 85.2 152.4
161 85.6 152
161 86 152
161 86.4 151.6
161 86.8 151.6
161 87.2 151.6
161 87.6 151.6
161 88 151.2
161 88.4 151.2
161 88.8 151.2
161 89.2 151.2
end
start
162 83.2 178
162 83.6 177.6
162 84 177.6
162 84.4 177.2
162 84.8 177.2
162 85.2 177.2
162 85.6 177.2
162 86 176.8
162 86.4 176.4
162 86.8 176.4
162 87.2 176
162 87.6 176
162 88 175.6
162 88.4 175.6
162 88.8 175.6
162 89.2 175.2
end
start
163 83.2 182.4
163 83.6 182.4
163 84 182.4
163 84.4 182.4
163 84.8 182
163 85.2 182
163 85.6 182
163 86 181.6
163 86.4 181.2
163 86.8 181.2
163 87.2 180.8
163 87.6 180.8
163 88 180.4
163 88.4 180.4
163 88.8 180
163 89.2 180
end
start
164 89.6 11.6
164 90 11.2
164 90.4 11.2
164 90.8 11.6
164 91.2 11.6
164 91.6 11.6
164 92 11.2
164 92.4 10.8
164 92.8 10.4
164 93.2 10.8
164 93.6 10.8
164 94 10.8
164 94.4 10.8
164 94.8 10.8
164 95.2 10.8
164 95.6 11.2
end
start
165 90.8 34
165 91.2 34.8
165 91.6 34.8
165 92 34.8
165 92.4 34.8
165 92.8 34.4
165 93.2 34
end
start
166 89.6 42.8
166 90 42.8
166 90.4 43.2
166 90.8 43.2
166 91.2 43.2
166 91.6 43.6
166 92 44
166 92.4 44
166 92.8 44.4
166 93.2 44.4
166 93.6 44.4
end
start
167 89.6 46.4
167 90 46.4
167 90.4 46.4
167 90.8 46
167 91.2 46
167 91.6 46
167 92 46
167 92.4 46
167 92.8 46
167 93.2 46
167 93.6 46.4
167 94 50.8
167 94.4 50.8
167 94.8 50.4
167 95.2 50.4
167 95.6 50
end
start
168 89.6 55.6
168 90 55.2
168 90.4 54.8
168 90.8 54.4
168 91.2 54
168 91.6 57.2
168 92 57.2
168 92.4 52.8
168 92.8 52.4
168 93.6 57.2
168 94 57.2
168 95.6 57.2
end
start
169 90 63.6
169 90.4 62.8
169 90.8 62.4
169 91.2 61.2
169 92 59.6
169 92.4 62.4
169 92.8 62
169 93.2 61.2
169 93.6 60.8
169 94 60.4
169 94.4 62.8
169 94.8 62.8
169 95.2 63.2
169 95.6 63.2
end
start
170 89.6 64
170 90 64
170 90.4 67.2
170 90.8 67.2
170 91.2 66.8
170 91.6 66.8
170 92 66.8
170 92.4 66.8
170 92.8 66.8
170 93.2 66.8
170 93.6 66.8
170 94 66.8
170 94.4 67.2
170 94.8 67.2
170 95.2 67.6
170 95.6 68
end
start
171 89.6 87.6
171 90 87.6
171 90.4 87.6
171 90.8 87.6
171 91.2 88
171 91.6 88
171 92 88
171 92.4 88
171 92.8 88.4
171 93.2 88.4
171 93.6 88.4
171 94 88.4
171 94.4 88.8
171 94.8 89.2
171 95.2 87.6
171 95.6 88
end
start
172 89.6 95.2
172 90 94.8
172 90.4 94.4
172 90.8 94
172 91.2 93.6
172 91.6 93.2
172 92 92.8
172 92.4 95.6
172 92.8 95.6
172 93.2 95.2
172 93.6 94.8
172 94 94.4
172 94.4 94
172 94.8 93.6
172 95.2 93.6
172 95.6 93.2
end
start
173 89.6 101.6
173 90 102
173 90.4 102
173 90.8 102
173 91.2 102
173 91.6 102
173 92 102
173 92.4 102
173 92.8 102
173 93.2 102
173 93.6 102
173 94 102
173 94.4 102
173 94.8 102
173 95.2 102
173 95.6 97.6
end
start
174 89.6 104
174 90 104.4
174 90.4 105.6
174 90.8 106
174 91.2 106
174 91.6 106
174 92 108.4
174 92.4 108.4
174 92.8 108
174 93.2 108
174 93.6 108
174 94 107.6
174 94.4 107.6
174 94.8 107.2
174 95.2 106.8
174 95.6 106.4
end
start
175 89.6 139.2
175 90 139.2
175 90.4 139.6
175 90.8 139.6
175 91.2 139.6
175 91.6 139.6
175 92 139.6
175 92.4 139.6
175 92.8 140
175 93.2 140
175 93.6 140
175 94 140.4
175 94.4 140.4
175 94.8 140.4
175 95.2 140.4
175 95.6 140.4
end
start
176 89.6 151.2
176 90 151.2
176 90.4 151.2
176 90.8 151.2
176 91.2 151.2
176 91.6 151.2
176 92 151.2
176 92.4 151.2
176 92.8 151.6
176 93.2 151.6
176 93.6 151.6
176 94 151.6
176 94.4 151.6
176 94.8 151.6
176 95.2 151.6
176 95.6 151.6
end
start
177 89.6 175.2
177 90 174.8
177 90.4 174.8
177 90.8 174.8
177 91.2 178.8
177 91.6 178.8
177 92 178.8
177 92.4 178.4
177 92.8 178.4
177 93.2 178
177 93.6 178
177 94 177.6
177 94.4 177.6
177 94.8 177.6
177 95.2 177.6
177 95.6 177.2
end
start
178 89.6 179.6
178 90 179.6
178 90.4 179.6
178 90.8 179.2
178 91.2 179.2
end
start
179 96 11.2
179 96.4 11.2
179 96.8 10.8
179 97.2 10.8
179 97.6 10.8
179 98 10.8
179 98.4 10.8
179 98.8 11.6
179 99.2 10.8
179 99.6 11.2
179 100 11.2
179 100.4 11.2
179 100.8 11.6
179 101.2 11.6
179 101.6 11.6
179 102 11.2
end
start
180 96.4 43.6
180 96.8 43.2
180 97.2 44.4
180 97.6 44.4
180 98 44
180 98.4 44.4
180 98.8 44
180 99.6 44.4
180 100 44
180 100.4 43.6
180 100.8 42.8
180 101.2 42
180 101.6 42.4
180 102 42.4
end
start
181 96 49.6
181 96.4 49.2
181 96.8 45.2
181 97.2 44.8
181 97.6 46.4
181 98 48
181 98.4 48.4
181 98.8 48
181 99.2 48
181 99.6 47.2
181 100 49.6
181 100.4 50.4
181 100.8 50.4
181 101.2 48
181 101.6 50.8
181 102 49.6
end
start
182 96 56.8
182 96.4 56
182 97.2 56.4
182 97.6 56.4
182 98 56
182 98.4 56
182 98.8 55.6
182 99.2 55.2
182 99.6 54.8
182 100 54.8
182 100.4 54.4
182 100.8 54
182 101.2 52.4
end
start
183 96 62.8
183 96.4 62.8
183 96.8 62.8
183 97.2 62.8
183 97.6 63.2
183 98 63.2
183 98.4 63.2
183 98.8 63.2
183 99.2 63.2
183 99.6 63.2
183 100 63.2
183 100.4 62.8
183 100.8 62.8
183 101.2 63.2
183 101.6 63.2
183 102 63.2
end
start
184 96 89.2
184 96.4 88.4
184 96.8 88.4
184 97.2 88.4
184 97.6 88
184 98 88
184 98.4 87.6
184 98.8 87.2
184 99.2 86.8
184 99.6 89.2
184 100 89.2
184 100.4 89.2
184 100.8 88.8
184 101.2 88.4
184 101.6 88
184 102 88
end
start
185 96 92.8
185 96.4 92.4
185 96.8 92
185 97.2 91.6
185 97.6 91.2
185 98 91.2
185 98.4 90.8
185 98.8 90.4
185 99.2 95.2
185 99.6 95.2
185 100 94.8
185 100.4 94.4
185 100.8 94.4
185 101.2 94.4
185 101.6 94
185 102 94
end
start
186 96 97.6
186 96.4 97.6
186 96.8 98
186 97.2 98
186 97.6 98
186 98 98
186 98.4 98
186 98.8 98
186 99.2 97.6
186 99.6 97.6
186 100 102
186 100.4 102
186 100.8 101.6
186 101.2 101.2
186 101.6 100.4
186 102 100
end
start
187 96 106
187 96.4 105.6
187 96.8 103.6
187 98.4 106
187 98.8 108
187 99.2 108.4
187 99.6 103.2
187 100 102.8
187 100.4 105.6
187 100.8 106.8
187 101.2 108
187 101.6 108.4
end
start
188 99.2 109.6
188 99.6 110.8
188 100 112.4
188 100.4 113.6
188 100.8 114.8
188 101.6 110
188 102 111.2
end
start
189 96 140.4
189 96.4 140.4
189 99.2 140.4
189 99.6 140.4
189 100 140
189 100.4 139.2
189 100.8 138
189 101.2 136.4
189 101.6 135.2
189 102 140.4
end
start
190 96.8 140.8
190 97.2 140.8
190 97.6 140.8
190 98 143.2
190 98.4 141.2
190 98.8 141.6
190 99.2 140.8
190 101.6 143.6
190 102 140.8
end
start
191 96 151.6
191 96.4 152
191 96.8 152
191 97.2 152
191 97.6 152
191 98 152
191 98.4 152
191 98.8 152
191 99.2 152
191 99.6 152.4
191 100 152.4
191 100.4 152.4
191 100.8 152.8
191 101.2 152.8
191 101.6 153.2
191 102 153.2
end
start
192 96 172.4
192 96.4 172.4
192 96.8 172
192 97.2 172
192 97.6 172
192 98 171.6
192 98.4 171.6
192 98.8 171.2
192 99.2 171.2
192 99.6 171.2
192 100 170.8
192 100.4 170.8
192 100.8 170.8
192 101.2 170.8
192 101.6 170.4
192 102 170.4
end
start
193 96 177.2
193 96.4 176.8
193 96.8 176.4
193 97.2 176.4
193 97.6 176.4
193 98 176.4
193 98.4 176.4
193 98.8 176.4
193 99.2 176
193 99.6 176
193 100 175.6
193 100.4 175.6
193 100.8 175.6
193 101.2 175.6
193 101.6 175.2
193 102 175.2
end
start
194 102.4 11.2
194 102.8 11.2
194 103.2 11.2
194 103.6 11.2
194 104 11.2
194 104.4 11.2
194 104.8 11.2
194 105.2 11.6
194 105.6 11.6
194 106 11.6
194 106.4 11.6
194 106.8 11.6
194 107.2 11.6
194 107.6 11.6
194 108 11.6
194 108.4 11.6
end
start
195 102.8 38
195 103.2 38
195 103.6 37.6
195 104 37.2
195 104.4 36.4
195 104.8 36
195 106 34.4
195 106.4 34.8
195 106.8 35.2
195 107.2 35.2
195 107.6 35.2
195 108 34.8
195 108.4 34.4
end
start
196 102.4 42.8
196 102.8 42.8
196 103.2 42.8
196 103.6 43.2
196 104 44.4
196 104.4 41.6
196 104.8 43.2
196 105.2 42
196 106 44.4
196 106.4 43.2
196 106.8 43.2
196 107.2 43.2
196 107.6 43.2
196 108 43.2
196 108.4 43.2
end
start
197 102.4 49.2
197 102.8 49.6
197 103.2 49.6
197 103.6 49.6
197 104 50
197 104.4 50
197 104.8 49.6
197 105.2 47.6
197 105.6 46.8
197 106 50.8
197 106.4 50.8
197 106.8 50
197 107.2 49.6
197 107.6 50.8
197 108 50.8
197 108.4 50.4
end
start
198 102.4 57.2
198 102.8 57.2
198 103.2 56.4
198 103.6 56.4
198 104 56.4
198 104.4 56
198 104.8 56
198 105.2 55.6
198 105.6 55.6
198 106 55.2
198 106.4 55.2
198 107.2 54.4
198 107.6 55.2
198 108 55.2
198 108.4 55.6
end
start
199 102.4 63.2
199 102.8 63.6
199 103.2 63.6
199 103.6 63.6
199 104 62.4
199 104.4 62.8
199 104.8 62.8
199 105.2 62.8
199 105.6 60
199 106 60
199 106.4 60
199 106.8 60
199 107.2 60
199 107.6 60
199 108 59.6
199 108.4 59.6
end
start
200 103.6 64
200 104 64
200 104.4 64
200 104.8 64
200 105.6 67.6
200 106 67.6
200 106.4 67.6
200 106.8 67.6
200 107.2 67.6
200 107.6 67.6
200 108 68
200 108.4 68
end
start
201 102.8 71.6
201 103.2 72
201 103.6 72
201 104 72.4
201 104.4 72.4
201 104.8 72.8
201 105.2 73.2
201 105.6 73.6
201 106 74
201 106.4 75.2
201 106.8 76
201 107.2 76.4
201 107.6 74.8
201 108 75.2
201 108.4 76
end
start
202 102.4 77.6
202 102.8 78.4
202 103.2 78.8
202 103.6 79.2
202 104 79.6
202 104.8 82.8
202 105.2 82.8
202 105.6 82.4
202 106 82.4
202 106.4 82
202 106.8 81.6
202 107.2 81.6
202 107.6 81.2
202 108 81.2
202 108.4 80.8
end
start
203 102.4 87.6
203 102.8 87.2
203 103.2 86.8
203 103.6 86.8
203 104 86.4
203 104.4 86
203 104.8 89.2
203 105.2 89.2
203 105.6 89.2
203 106 89.2
203 106.4 89.2
203 106.8 89.2
203 107.2 88.8
203 107.6 88.8
203 108 88.8
203 108.4 88.4
end
start
204 102.4 93.6
204 102.8 93.2
204 103.2 95.6
204 103.6 95.6
204 104 95.2
204 104.4 94.8
204 104.8 94.4
204 105.2 92
204 105.6 95.6
204 106 95.6
204 106.4 95.2
204 106.8 94.8
204 107.2 94.4
204 107.6 94
204 108 93.6
204 108.4 93.2
end
start
205 102.4 99.6
205 102.8 99.2
205 103.2 98.8
205 103.6 98.4
205 104 98
205 104.4 102
205 104.8 100.4
205 105.2 100
205 105.6 100
205 106 98.8
205 106.4 98.8
205 108.4 100.4
end
start
206 102.4 106.4
206 102.8 106.8
206 103.2 107.2
206 103.6 107.2
206 104 108.4
206 104.4 103.2
206 106.8 108.4
206 107.2 108
206 107.6 107.6
206 108 107.6
206 108.4 107.6
end
start
207 102.4 112.8
207 102.8 114
207 103.2 114.4
207 103.6 114.8
207 104 114.4
207 104.4 114
207 104.8 114
207 105.2 112.8
207 105.6 113.2
207 106 114
207 106.4 114.4
207 106.8 114.8
207 107.2 114.8
207 107.6 114
207 108 113.6
207 108.4 113.2
end
start
208 102.4 118
208 102.8 118.4
208 103.2 118.4
208 103.6 118.8
208 104 119.6
208 104.4 120
208 107.2 115.2
208 107.6 115.2
208 108 115.6
208 108.4 115.6
end
start
209 103.2 123.2
209 103.6 123.6
209 104 124
209 104.4 124.4
209 104.8 124.4
209 105.2 124.4
209 105.6 124.4
209 106 124.4
209 106.4 124.4
209 106.8 124.8
209 107.2 124.8
209 107.6 124.8
209 108 124.8
209 108.4 124.8
end
start
210 102.4 133.6
210 102.8 133.2
210 103.2 132.8
210 103.6 132.8
210 104.4 132.8
210 104.8 134
210 105.2 132
210 105.6 131.2
210 106 130.8
210 106.4 130.4
210 106.8 130
210 107.2 129.6
210 107.6 129.2
210 108 128.8
210 108.4 128.4
end
start
211 102.4 139.6
211 103.6 140.4
211 104 138.4
211 104.4 136
211 104.8 134.8
211 106.4 137.6
211 106.8 137.6
211 107.2 138
211 107.6 138.4
211 108 138.8
211 108.4 138.4
end
start
212 102.4 152.4
212 102.8 152.4
212 103.2 152.4
212 103.6 152.4
212 104 152.4
212 104.4 152.4
212 104.8 152.4
212 105.2 152.4
212 105.6 152.4
212 106 152.4
212 106.4 152.4
212 106.8 152.8
212 107.2 152.8
212 107.6 152.8
212 108 152.8
212 108.4 152.8
end
start
213 102.4 170.4
213 102.8 170
213 103.2 170
213 103.6 169.6
213 104 169.6
213 104.4 169.6
213 104.8 169.2
213 105.2 169.2
213 105.6 169.2
213 106 169.2
213 106.4 168.8
213 106.8 168.8
213 107.2 168.8
213 107.6 168.4
213 108 168.4
213 108.4 168.4
end
start
214 102.4 175.2
214 102.8 174.8
214 103.2 174.4
214 103.6 174
214 104 174
214 104.4 174
214 104.8 173.6
214 105.2 173.6
214 105.6 173.6
214 106 173.2
214 106.4 173.2
214 106.8 173.2
214 107.2 172.8
214 107.6 172.8
214 108 172.8
214 108.4 172.8
end
start
215 108.8 11.6
215 109.2 11.2
215 109.6 11.2
215 110 11.6
215 110.4 11.6
215 110.8 11.6
215 111.2 11.6
215 111.6 11.6
215 112 11.6
215 112.4 11.6
215 112.8 11.2
215 113.2 11.2
215 113.6 11.2
215 114 11.6
215 114.4 12
215 114.8 12
end
start
216 112.8 25.2
216 113.2 25.2
216 113.6 24.8
216 114 24.8
216 114.4 24.8
216 114.8 25.2
end
start
217 108.8 31.6
217 109.2 31.6
217 109.6 31.6
217 110 31.6
217 110.4 31.6
217 110.8 30
217 111.2 29.2
217 111.6 28
217 112 31.6
217 112.4 31.6
217 112.8 30.4
217 113.2 29.6
217 113.6 28.8
217 114 31.2
217 114.4 30.4
217 114.8 29.2
end
start
218 108.8 35.2
218 109.2 35.6
218 109.6 36
218 110 36.4
218 110.4 36.8
218 110.8 37.6
218 111.2 37.6
218 111.6 35.6
218 112 38
218 112.4 37.6
218 112.8 37.2
218 113.2 36.4
218 113.6 36
218 114 35.6
218 114.4 34.8
218 114.8 34.4
end
start
219 108.8 42.8
219 109.2 43.2
219 109.6 42.8
219 110 42.4
219 110.4 42
219 110.8 40
219 111.2 39.6
219 111.6 38.8
219 112 44.4
219 112.4 44.4
219 112.8 44
219 113.2 42.8
219 113.6 41.2
219 114 41.6
219 114.4 42
219 114.8 44.4
end
start
220 108.8 50
220 109.2 49.6
220 109.6 49.2
220 110 48.8
220 110.4 48.4
220 110.8 47.6
220 111.2 45.6
220 111.6 45.2
220 112 45.2
220 112.4 46
220 112.8 47.2
220 113.2 46.8
220 113.6 46.4
220 114.8 44.8
end
start
221 108.8 55.6
221 109.2 55.6
221 109.6 55.6
221 110 56.8
221 110.4 56.8
221 110.8 56.8
221 111.2 56.8
221 111.6 56.8
221 112 56.8
221 112.4 56.8
221 112.8 56.8
221 113.2 56.8
221 113.6 56.8
221 114 55.6
221 114.4 55.6
221 114.8 55.6
end
start
222 108.8 59.6
222 109.2 59.6
222 109.6 59.2
222 110 59.2
222 110.4 59.2
222 110.8 59.6
222 111.2 59.6
222 111.6 59.6
222 112 59.6
222 112.4 59.6
222 112.8 59.6
222 113.2 60.8
222 113.6 60.8
222 114 61.2
222 114.4 62
222 114.8 62
end
start
223 108.8 68
223 109.2 68.4
223 109.6 68.4
223 110 68.4
223 110.4 68.4
223 110.8 68.4
223 111.2 67.2
end
start
224 108.8 82.8
224 109.2 82.8
224 109.6 82.4
224 110 82.4
224 110.4 82.4
224 110.8 82
224 111.2 81.6
224 111.6 82.4
224 112 82.4
224 112.4 82.4
224 112.8 80.8
224 113.2 82
224 113.6 81.6
224 114 80
224 114.4 79.6
224 114.8 79.6
end
start
225 108.8 88.4
225 109.2 88
225 109.6 87.6
225 110 87.2
225 110.4 86.8
225 110.8 86
225 111.2 84.4
225 111.6 84
225 112 89.2
225 112.4 89.2
225 112.8 88.8
225 113.2 88.4
225 113.6 88
225 114 87.6
225 114.4 89.2
225 114.8 89.2
end
start
226 108.8 92.8
226 109.2 92.4
226 109.6 95.6
226 110 95.6
226 110.4 93.6
226 110.8 90.8
226 111.2 90.4
226 111.6 90
226 112 89.6
226 112.4 91.6
226 112.8 91.2
226 113.2 90.8
226 113.6 90.4
226 114 90
226 114.4 89.6
end
start
227 108.8 101.6
227 109.2 101.6
227 109.6 102
227 110 102
227 110.4 100.4
227 110.8 100.4
227 111.2 100
227 111.6 101.6
227 112 102
227 112.4 99.6
227 112.8 100.4
227 113.2 101.2
227 113.6 101.6
227 114 102
227 114.4 102
end
start
228 108.8 107.6
228 109.2 107.6
228 109.6 107.6
228 110 107.2
228 110.4 106.8
228 110.8 106.4
228 111.2 106
228 111.6 105.2
228 112.4 107.2
228 112.8 108.4
228 114.4 107.2
228 114.8 108.4
end
start
229 108.8 113.2
229 109.2 113.6
229 109.6 113.6
229 110 113.6
229 110.4 112.8
229 110.8 113.2
229 111.2 113.2
229 111.6 113.2
229 112 113.2
229 112.4 113.6
229 112.8 114
229 113.2 114
229 113.6 114
229 114 114.4
229 114.4 114.4
229 114.8 114.4
end
start
230 108.8 124.8
230 109.2 124.8
230 109.6 127.6
230 110 127.6
230 110.4 127.6
230 110.8 127.2
230 111.2 127.6
230 111.6 127.6
230 112 127.6
230 112.4 127.2
230 112.8 127.2
230 113.2 127.2
230 113.6 127.2
230 114 127.2
230 114.4 127.2
230 114.8 127.2
end
start
231 108.8 128
231 109.2 129.6
231 109.6 130.4
231 110 130.8
231 110.4 131.2
231 110.8 131.6
231 111.2 134
231 111.6 134
231 112 131.6
231 112.4 130.4
231 112.8 134
231 113.2 133.2
231 113.6 132.4
231 114.8 132.4
end
start
232 108.8 138.8
232 109.2 138.4
232 109.6 138.4
232 110 138.4
232 110.4 138.4
232 110.8 138
232 111.2 138
232 111.6 137.6
232 112 137.2
232 112.4 136.8
232 112.8 136.4
232 113.6 136.4
232 114.4 136.8
232 114.8 136.8
end
start
233 108.8 152.8
233 109.2 152.8
233 109.6 152.8
233 110 152.8
233 110.4 153.2
233 110.8 153.2
233 111.2 153.2
233 111.6 153.2
233 112 153.2
233 112.4 153.2
233 112.8 153.2
233 113.2 151.2
233 113.6 151.2
233 114 151.6
233 114.4 151.6
233 114.8 151.6
end
start
234 113.2 153.6
234 113.6 153.6
234 114 153.6
234 114.4 153.6
234 114.8 153.6
end
start
235 108.8 172.4
235 109.2 172.4
235 109.6 172.4
235 110 172.4
235 110.4 172
235 110.8 172
235 111.2 171.6
235 111.6 171.6
235 112 167.2
235 112.4 166.8
235 112.8 166.8
235 113.2 166.8
235 113.6 166.4
235 114 166.4
end
start
236 115.2 12
236 115.6 10.8
236 116 12
236 116.4 12
236 116.8 12
236 117.2 12
236 117.6 12
236 118 11.6
236 118.4 11.6
236 118.8 11.6
236 119.2 11.6
236 119.6 11.6
236 120 12
236 120.4 12
236 120.8 12
236 121.2 12
end
start
237 115.2 25.2
237 115.6 25.2
237 116 24
237 116.4 24.4
237 116.8 24.8
237 117.2 25.2
237 119.6 25.2
237 120 22
237 120.4 21.2
237 120.8 24.4
237 121.2 25.2
end
start
238 115.2 29.2
238 115.6 31.6
238 116 31.2
238 116.4 30.8
238 116.8 30
238 117.2 28.4
238 117.6 27.2
238 118 26.8
238 118.4 31.6
238 118.8 30.4
238 119.2 27.2
238 119.6 31.6
238 120 31.6
238 120.4 29.6
238 120.8 28
238 121.2 27.2
end
start
239 115.6 32.4
239 116.4 35.6
239 116.8 35.2
239 117.2 35.2
239 117.6 34.8
239 118 37.6
239 118.4 37.6
239 118.8 37.6
239 119.2 37.6
239 119.6 37.2
239 120 37.2
239 120.4 37.2
239 121.2 36.4
end
start
240 115.2 44.4
240 115.6 41.2
240 116 42
240 116.4 42.4
240 116.8 44.4
240 117.2 44
240 117.6 43.2
240 118 43.2
240 118.4 44.4
240 118.8 44.4
240 119.2 44
240 119.6 43.2
240 120.4 44.4
240 120.8 44.4
240 121.2 44
end
start
241 115.2 46.4
241 115.6 47.2
241 116.8 46.8
241 118 46.4
241 118.4 46.4
241 118.8 50.8
241 119.2 50.8
241 119.6 45.6
241 120 45.2
241 120.4 44.8
end
start
242 115.2 55.6
242 115.6 56.8
242 116 57.2
242 116.4 54.8
242 116.8 55.2
242 117.2 56
242 117.6 56.8
242 118 56.8
242 118.4 57.2
242 118.8 56
242 119.2 57.2
242 119.6 55.2
242 120 57.2
242 120.4 54
242 120.8 57.2
242 121.2 57.2
end
start
243 115.2 61.2
243 115.6 60.8
243 116 60.8
243 116.4 60.4
243 116.8 59.6
243 117.2 62
243 117.6 62
243 118 61.2
243 118.4 61.2
243 118.8 60.8
243 119.2 61.2
243 119.6 60
243 120 62.4
243 120.4 62.4
243 120.8 60.8
243 121.2 62.8
end
start
244 115.2 76.4
244 115.6 76.4
244 116 76.4
244 116.4 76
244 116.8 75.6
244 117.2 75.6
244 117.6 75.2
244 118 75.2
244 118.4 74.8
244 118.8 76
244 119.2 74.4
244 119.6 75.6
244 120 75.2
244 120.4 75.2
244 120.8 76.4
244 121.2 76.4
end
start
245 115.2 79.6
245 115.6 79.2
245 116 82.8
245 116.4 82.8
245 116.8 82.4
245 117.2 82
245 117.6 82
245 118 78
245 118.4 78
245 118.8 77.6
245 119.2 82.8
245 119.6 82.8
245 120 82.4
245 120.4 82
245 120.8 82
245 121.2 81.6
end
start
246 115.2 88.8
246 115.6 88.4
246 116 88
246 116.4 88
246 116.8 87.6
246 117.2 87.2
246 117.6 86.8
246 118 86.4
246 118.4 86
246 118.8 85.6
246 119.2 85.6
246 119.6 85.2
246 120 84.8
246 120.4 84.8
246 120.8 85.2
246 121.2 85.2
end
start
247 115.2 114.4
247 115.6 114.4
247 116 114
247 116.4 114
247 116.8 113.6
247 117.2 113.6
end
start
248 115.2 127.2
248 115.6 127.2
248 116 127.2
248 116.4 127.2
248 116.8 127.2
248 117.2 127.6
248 117.6 127.6
248 118 127.6
248 118.4 127.6
248 118.8 127.6
248 119.2 124.8
248 119.6 124.8
248 120 124.8
248 120.4 124.8
248 120.8 124.8
248 121.2 124.8
end
start
249 115.2 132
249 115.6 132.4
249 116 133.2
249 116.4 134
249 116.8 130
249 117.2 130.8
249 117.6 130.8
249 119.2 128
249 119.6 128
249 120 128
249 120.4 128
249 120.8 128
249 121.2 128
end
start
250 119.6 142.4
250 120 142.4
250 120.4 142.4
250 120.8 142.4
250 121.2 142
end
start
251 115.2 151.6
251 115.6 151.6
251 116 151.6
251 116.4 151.6
251 116.8 151.6
251 117.2 151.6
251 117.6 151.6
251 118 151.6
251 118.4 151.6
251 118.8 151.6
251 119.2 151.6
251 119.6 151.6
251 120 151.6
251 120.4 153.2
251 120.8 153.2
251 121.2 153.2
end
start
252 115.2 153.6
252 115.6 153.6
252 116 154
252 116.4 154
252 116.8 154
252 117.2 154
252 117.6 154
252 118 154.4
252 118.4 154.4
252 118.8 154.4
252 119.2 154.8
252 119.6 154.8
252 120 154.8
252 120.4 155.2
252 120.8 155.2
252 121.2 155.2
end
start
253 115.2 166
253 115.6 166
253 116 165.6
253 116.4 165.6
253 116.8 165.6
253 117.2 165.6
253 117.6 165.2
253 118 165.2
253 118.4 165.2
253 118.8 164.8
253 119.2 164.8
253 119.6 164.8
253 120 164.4
253 120.4 164.4
253 120.8 164.4
253 121.2 164.4
end
start
254 121.6 12
254 122 12
254 122.4 12
254 122.8 12
254 123.2 12
254 123.6 12
254 124 12
254 124.4 12
254 124.8 12
254 125.2 12
254 125.6 12
254 126 12
254 126.4 12
254 126.8 12
254 127.2 12
254 127.6 12
end
start
255 125.2 17.6
255 125.6 17.6
255 126 17.6
255 126.4 17.6
255 126.8 17.6
255 127.2 18
255 127.6 18.8
end
start
256 121.6 21.6
256 122 20.8
256 122.4 25.2
256 122.8 25.2
256 123.2 24.8
256 123.6 24.4
256 124 24
256 124.4 24
256 124.8 25.2
256 125.2 24.4
256 125.6 23.2
256 126 22
256 126.4 25.2
256 126.8 24.8
256 127.2 24.4
256 127.6 24.4
end
start
257 121.6 26.4
257 122 26.4
257 122.4 26
257 123.2 31.6
257 123.6 31.6
257 124 31.6
257 124.4 31.6
257 124.8 31.2
257 125.2 31.2
257 125.6 29.2
257 126 30
257 126.4 30
257 126.8 30
257 127.2 31.6
257 127.6 31.6
end
start
258 121.6 36
258 122 36
258 122.4 37.2
258 122.8 36.8
258 123.2 36.8
258 123.6 36.4
258 124 36
258 124.4 35.6
258 124.8 34.8
258 125.2 34.4
258 125.6 34
258 126 35.2
258 126.4 35.2
258 126.8 34.8
258 127.2 34.4
258 127.6 34.4
end
start
259 121.6 43.6
259 122 42.8
259 122.4 42
259 122.8 41.6
259 123.2 40.8
259 123.6 42
259 124 42
259 124.4 42
259 124.8 42.4
259 125.2 42.4
259 125.6 42.8
259 126 42.8
259 126.4 43.2
259 126.8 43.2
259 127.2 43.6
259 127.6 43.6
end
start
260 121.6 56.8
260 122 57.2
260 122.4 53.6
260 122.8 54
260 123.2 54
260 127.2 55.2
260 127.6 56
end
start
261 121.6 62.8
261 122 63.2
261 122.4 63.6
261 122.8 63.6
261 123.2 63.6
261 123.6 63.2
261 124 62.8
261 124.4 63.2
261 124.8 63.6
261 125.2 63.6
261 125.6 62
261 126 62.4
261 126.4 63.6
261 126.8 62.8
261 127.2 62.8
261 127.6 62.8
end
start
262 123.2 64
262 123.6 64.4
262 124 64.8
262 124.4 65.2
262 124.8 65.6
262 125.2 66
262 125.6 66.4
262 126 66.4
262 126.4 66.4
262 126.8 66.4
262 127.2 66.4
262 127.6 70
end
start
263 121.6 76.4
263 122 76
263 122.4 75.6
263 122.8 75.6
263 123.2 75.2
263 123.6 75.2
263 124 75.2
263 124.4 74.8
263 124.8 74.8
263 125.2 74.4
263 125.6 74.4
263 126 74
263 126.4 74
263 126.8 74
263 127.2 73.6
263 127.6 73.6
end
start
264 121.6 81.2
264 122 81.2
264 122.4 80.8
264 122.8 80.4
264 123.2 80
264 123.6 80
264 124 79.6
264 124.4 79.2
264 124.8 79.2
264 125.2 78.8
264 125.6 78.4
264 126 78.4
264 126.4 78
264 126.8 77.6
264 127.2 81.2
264 127.6 81.2
end
start
265 121.6 85.2
265 122 85.2
265 122.4 85.2
265 122.8 85.2
265 123.2 84.8
265 123.6 84.8
265 124 84.8
265 124.4 85.2
265 124.8 85.2
265 125.2 85.2
265 125.6 84.8
265 126 84.8
265 126.4 84.8
end
start
266 121.6 125.2
266 122 125.2
266 122.4 125.2
266 122.8 125.6
266 123.2 125.6
266 123.6 125.6
266 124 125.6
266 124.4 125.6
266 124.8 126
266 125.2 126
266 125.6 126
266 126 126
266 126.4 126
266 126.8 126.4
266 127.2 126.4
266 127.6 126.4
end
start
267 121.6 128
267 122 128
267 122.4 128.4
267 122.8 128.4
267 123.2 128.4
267 123.6 128.4
267 124 128.8
267 124.4 128.8
267 124.8 128.8
267 125.2 128.8
267 125.6 128.8
267 126 129.2
267 126.4 129.2
267 126.8 129.2
267 127.2 129.2
267 127.6 129.2
end
start
268 121.6 142
268 122 141.6
268 122.4 141.6
268 122.8 141.6
268 123.2 141.2
268 123.6 141.6
268 124 141.6
268 124.4 141.6
268 124.8 141.2
268 125.2 141.2
268 125.6 141.2
268 126 141.2
268 126.4 141.2
268 126.8 140.8
268 127.2 140.8
end
start
269 121.6 153.2
269 122 153.2
269 122.4 153.2
269 122.8 153.2
269 123.2 153.2
269 123.6 153.2
269 124 152
269 124.4 152
269 124.8 152
269 125.2 152
269 125.6 152
269 126 152
269 126.4 152.4
269 126.8 152.4
269 127.2 152.4
269 127.6 152.4
end
start
270 121.6 155.2
270 122 155.2
270 122.4 155.6
270 122.8 155.6
270 123.2 155.6
270 123.6 155.6
270 124 155.6
270 124.4 156
270 124.8 156
270 125.2 156
270 125.6 156
270 126 156
270 126.4 156
270 126.8 156
270 127.2 156
270 127.6 156
end
start
271 121.6 164
271 122 164
271 122.4 164
271 122.8 163.6
271 123.2 163.6
271 123.6 163.6
271 124 163.6
271 124.4 163.2
271 124.8 163.2
271 125.2 163.2
271 125.6 162.8
271 126 162.8
271 126.4 162.8
271 126.8 162.4
271 127.2 162.4
271 127.6 162.4
end
start
272 128 12
272 128.4 12
272 128.8 12
272 129.2 12.4
272 129.6 12.4
272 130 12
272 130.4 12
272 130.8 12
272 131.2 12
272 131.6 12.4
272 132 12.4
end
start
273 128 16.4
273 128.4 17.2
273 128.8 17.6
273 129.2 18.4
273 129.6 18.8
273 130.4 18.4
273 130.8 17.6
273 131.2 17.2
273 131.6 18.8
273 132 18.4
273 132.4 18
273 132.8 17.2
273 133.2 16.4
273 133.6 15.2
273 134 14.4
end
start
274 128 24.4
274 128.4 24.4
274 128.8 24.4
274 129.2 24.4
274 129.6 24.4
274 130 24.4
274 130.4 24
274 130.8 23.6
274 131.2 23.6
274 131.6 23.6
274 132 23.6
274 132.4 23.2
274 132.8 23.2
274 133.2 23.2
274 133.6 22.8
274 134 22.8
end
start
275 128 31.2
275 128.4 30.8
275 128.8 28.4
275 129.2 28
275 129.6 29.2
275 130 29.2
275 130.4 30.4
275 130.8 30
275 131.2 30
275 131.6 29.6
275 132 29.6
275 132.4 29.2
275 132.8 29.2
275 133.2 29.2
275 133.6 29.2
275 134 29.2
end
start
276 128 34.4
276 128.4 34
276 128.8 33.6
276 129.2 36.8
276 129.6 36.8
276 130 36.8
276 130.4 37.6
276 130.8 37.6
276 131.2 37.6
276 131.6 37.6
276 132 37.6
276 132.4 37.6
276 132.8 37.6
276 133.2 38
276 133.6 38
276 134 38
end
start
277 128 43.6
277 128.4 43.6
277 128.8 43.6
277 129.2 44
277 129.6 44
277 130 44.4
277 130.4 44.4
277 130.8 44.4
277 131.2 43.2
277 131.6 43.2
277 132 43.6
277 132.4 44
277 132.8 43.6
277 133.2 43.6
277 133.6 44
277 134 44
end
start
278 131.2 44.8
278 131.6 44.8
278 132 44.8
278 132.4 45.2
278 132.8 45.2
278 133.2 45.2
278 133.6 45.2
278 134 45.6
end
start
279 128 56
279 128.4 56
279 128.8 56
279 129.2 55.2
279 129.6 57.2
279 130 57.2
279 130.4 57.2
279 130.8 57.2
279 131.2 57.2
279 131.6 56.4
279 132 56.8
279 132.4 55.6
279 134 57.2
end
start
280 128 63.2
280 128.4 62.8
280 128.8 63.2
280 129.2 62.8
280 129.6 60
280 130 58.8
280 130.4 62.4
280 130.8 62.4
280 131.2 62.4
280 131.6 61.2
280 132 60.4
280 132.8 60.4
280 133.2 60.8
280 133.6 60
280 134 59.2
end
start
281 128 70
281 128.4 69.6
281 128.8 69.6
281 129.2 69.2
281 129.6 69.2
281 130 69.2
281 130.4 68.8
281 130.8 68.4
281 131.2 69.6
281 131.6 70
281 132 67.2
281 132.4 66.8
281 132.8 66.8
281 133.2 66.8
281 133.6 66.4
281 134 66.4
end
start
282 128 76.4
282 128.4 76.4
282 128.8 76.4
282 129.2 76
282 129.6 75.6
282 130 74.8
282 130.4 75.2
282 130.8 75.2
282 131.2 75.2
282 131.6 75.2
282 132 74.8
282 132.4 74.8
282 132.8 74
282 133.2 73.6
282 133.6 73.2
282 134 72.8
end
start
283 128 81.2
283 128.4 81.6
283 128.8 81.6
283 129.2 81.6
283 129.6 81.6
283 130 81.6
283 130.4 81.6
283 130.8 81.6
283 131.2 81.6
283 131.6 81.6
283 132 81.6
283 132.4 81.6
283 132.8 81.6
283 133.2 81.6
283 133.6 81.6
283 134 81.6
end
start
284 129.2 114.4
284 129.6 114
284 130 113.6
284 130.4 113.6
284 130.8 113.2
284 131.2 113.2
284 131.6 113.2
284 132 113.2
284 132.4 113.2
284 132.8 113.2
284 133.2 113.6
284 133.6 113.6
284 134 114
end
start
285 132.4 119.2
285 132.8 121.2
285 133.2 117.6
285 133.6 118
285 134 120.8
end
start
286 128 126.8
286 128.4 126.8
286 128.8 126.8
286 129.2 127.2
286 129.6 127.2
286 130 127.2
286 130.4 127.2
286 130.8 127.6
286 131.2 127.6
286 131.6 126
286 132 126.4
286 132.4 126.4
286 132.8 126.4
286 133.2 126.8
286 133.6 127.2
286 134 126.4
end
start
287 128 129.6
287 128.4 129.6
287 128.8 129.6
287 129.2 129.6
287 129.6 129.6
287 130 129.6
287 130.4 129.6
287 130.8 129.6
287 131.2 129.6
287 131.6 129.6
287 132 129.2
287 132.4 129.2
287 132.8 128.8
287 133.2 128.4
287 133.6 128.4
287 134 128.4
end
start
288 128 140.4
288 128.4 140.4
288 128.8 140.4
288 129.2 140.4
288 129.6 140.4
288 130 140
288 130.4 140
288 130.8 140
288 131.2 139.6
288 131.6 139.6
288 132 139.2
288 132.4 139.2
288 132.8 138.8
288 133.2 138.4
288 133.6 138.4
288 134 138
end
start
289 128 152.4
289 128.4 152.4
289 128.8 152.4
289 129.2 152.8
289 129.6 152.8
289 130 152.8
289 130.4 152.8
289 130.8 152.8
289 131.2 152.8
289 131.6 153.2
289 132 153.2
289 132.4 153.2
289 132.8 153.2
289 133.2 153.2
end
start
290 128 156.4
290 128.4 156.4
290 128.8 156.4
290 129.2 156.4
290 129.6 156.8
290 130 156.8
290 130.4 156.8
290 130.8 156.8
290 131.2 156.8
290 131.6 156.8
290 132 157.2
290 132.4 157.2
290 132.8 157.2
290 133.2 157.2
290 133.6 157.6
290 134 157.6
end
start
291 128 162.4
291 128.4 162
291 128.8 162
291 129.2 162
291 129.6 162
291 130 161.6
291 130.4 161.6
291 130.8 161.6
291 131.2 161.2
291 131.6 161.2
291 132 161.2
291 132.4 160.8
291 132.8 160.8
291 133.2 160.8
291 133.6 160.8
291 134 160.4
end
start
292 135.2 12.4
292 135.6 12.4
292 136 12.4
292 136.4 12.4
292 136.8 12.4
292 137.2 12.4
292 137.6 12.4
292 138 12.4
292 138.4 12.4
292 138.8 12.4
292 139.2 12.4
292 139.6 12
292 140 12.4
292 140.4 12.4
end
start
293 134.4 22.4
293 134.8 22.4
293 135.2 22.4
293 135.6 22.4
293 136 22.4
293 136.4 22.4
293 136.8 22.8
293 137.2 22.8
293 137.6 23.2
293 138 23.2
293 138.4 23.2
293 138.8 23.2
293 139.2 22.8
293 139.6 22.4
293 140 23.2
293 140.4 23.2
end
start
294 134.4 29.2
294 134.8 29.2
294 135.2 29.2
294 136 31.6
294 136.4 31.6
294 136.8 31.2
294 137.2 30.8
294 137.6 30.4
294 138 31.6
294 138.4 31.6
294 138.8 31.2
294 139.2 30.8
294 139.6 30.8
294 140 30
294 140.4 30.4
end
start
295 134.4 38
295 134.8 38
295 135.2 36.8
295 135.6 36.8
295 136 33.6
295 136.4 33.2
295 136.8 38
295 137.2 38
295 137.6 32.4
295 138 32
end
start
296 134.4 44
296 134.8 44.4
296 135.2 44.4
296 135.6 44.4
296 136 44.4
296 136.4 44.4
296 136.8 44
296 137.2 44
296 137.6 42.8
296 138 42.8
296 138.4 42.8
296 138.8 43.2
296 139.2 43.2
296 139.6 43.6
296 140 43.6
296 140.4 43.6
end
start
297 134.4 45.6
297 134.8 45.6
297 135.2 45.6
297 135.6 50.4
297 136 50.4
297 136.4 50.4
297 136.8 50.4
297 137.2 50.4
297 137.6 50.8
297 138 50.8
297 138.4 46.8
297 138.8 46.8
297 139.2 46.8
297 139.6 46.8
297 140 46.8
297 140.4 50
end
start
298 134.4 57.2
298 134.8 56.8
298 135.2 56.8
298 135.6 56.4
298 136 56
298 136.4 56.8
298 136.8 57.2
298 137.2 55.2
298 137.6 52.4
298 138 52
298 139.2 52
298 139.6 57.2
298 140 57.2
298 140.4 56.8
end
start
299 134.4 58.8
299 134.8 58.8
299 135.2 58.4
299 135.6 58
299 136 58
299 136.4 63.6
299 136.8 63.2
299 137.2 62.8
299 137.6 62.4
299 138 62
299 138.4 61.2
299 138.8 63.6
299 139.2 63.6
299 139.6 63.2
299 140 63.2
299 140.4 62.8
end
start
300 134.4 66
300 134.8 68
300 135.2 68.8
300 135.6 68.8
300 136 69.6
300 136.4 69.2
300 136.8 68.8
300 137.2 70
300 137.6 70
300 138 70
300 138.4 69.6
300 138.8 69.2
300 139.2 68.8
300 139.6 68.8
300 140 68.4
300 140.4 68
end
start
301 134.4 72.4
301 134.8 72.4
301 135.2 72
301 135.6 71.6
301 136 71.2
301 136.4 71.2
301 136.8 70.8
301 137.2 70.4
end
start
302 134.4 81.6
302 134.8 82
302 135.2 82
302 135.6 81.6
302 136 81.6
302 136.4 81.6
302 136.8 81.6
302 137.2 81.6
302 137.6 82
302 138 82
302 138.4 82
302 138.8 82
302 139.2 82
302 139.6 82
302 140 82
302 140.4 82
end
start
303 134.4 121.2
303 135.6 115.6
303 136 116.8
303 136.4 117.2
303 136.8 121.2
303 137.2 120.8
303 137.6 120.4
303 138 120.4
303 138.4 120.4
303 138.8 120.4
303 139.2 120
303 139.6 120
303 140 120
303 140.4 120
end
start
304 134.4 126.8
304 134.8 126.4
304 135.2 126
304 135.6 124.4
304 136 124
304 136.4 127.6
304 136.8 127.6
304 137.2 127.6
304 137.6 127.6
304 138 124
304 138.4 124
304 138.8 124
304 139.2 124.4
304 139.6 124.4
304 140 124.4
304 140.4 124.4
end
start
305 134.4 128.4
305 134.8 128.4
305 135.2 128.4
305 135.6 128
305 136 128
305 138 128
305 138.4 128
305 138.8 128
305 139.2 128
305 139.6 128
305 140 128.4
305 140.4 128.4
end
start
306 134.4 138
306 134.8 137.6
306 135.2 137.6
306 135.6 137.2
306 136 137.2
306 136.4 136.8
306 136.8 136.8
306 137.2 136.4
306 137.6 136.4
306 138 136
306 138.4 136
306 138.8 136
306 139.2 135.6
306 139.6 135.6
306 140 135.2
306 140.4 135.2
end
start
307 134.4 157.6
307 134.8 157.6
307 135.2 157.6
307 135.6 157.6
307 136 157.6
307 136.4 157.6
307 136.8 157.6
307 137.2 159.6
307 137.6 159.6
307 138 159.6
307 138.4 159.6
307 138.8 159.6
307 139.2 159.2
307 139.6 158.8
307 140 158.8
307 140.4 158.8
end
start
308 134.4 160.4
308 134.8 160.4
308 135.2 160
308 135.6 160
308 136 160
308 136.4 160
308 136.8 160
end
start
309 137.6 191.6
309 138 191.6
309 138.4 191.6
309 138.8 191.6
309 139.2 191.6
309 139.6 191.6
309 140 191.6
309 140.4 191.2
end
start
310 144 12.4
310 144.4 12.4
310 144.8 12.4
310 145.2 12.4
310 146.8 12.4
end
start
311 140.8 18.8
311 141.2 18.8
311 141.6 18.4
311 142 18.4
311 142.4 18
311 142.8 17.6
311 143.2 18.8
311 143.6 18.8
311 144 18.4
311 144.4 18.4
311 144.8 18
311 145.2 17.6
311 145.6 17.6
311 146 17.2
311 146.4 16.8
311 146.8 16.4
end
start
312 140.8 23.2
312 141.2 23.2
312 141.6 25.2
312 142 22.8
312 142.4 22.8
312 142.8 22.8
312 143.2 22.8
312 143.6 22.8
312 144 22.8
312 144.4 22.8
312 144.8 22.4
312 145.2 22.4
312 145.6 22.4
312 146 22.4
312 146.4 22.4
312 146.8 22
end
start
313 140.8 28.8
313 141.2 28.8
313 141.6 28.4
313 142 28
313 142.4 28
313 142.8 28
313 143.2 28
313 143.6 27.6
313 144 28
313 144.4 28
313 144.8 28
313 145.2 27.2
end
start
314 143.6 36
314 144 36
314 144.4 37.2
314 144.8 37.2
314 145.2 37.2
314 145.6 37.6
314 146 36
314 146.4 37.2
314 146.8 37.2
end
start
315 140.8 43.6
315 141.2 43.6
315 141.6 43.6
315 142 44
315 142.4 44.4
315 142.8 44.4
315 143.2 43.2
315 143.6 43.6
315 144 44
315 144.4 44.4
315 144.8 44.4
315 145.2 43.6
315 145.6 44
315 146 44.4
315 146.4 42.8
315 146.8 43.2
end
start
316 140.8 50
316 141.2 50.4
316 141.6 50.4
316 142 50.4
316 142.4 50
316 142.8 49.6
316 143.2 49.2
316 143.6 49.6
316 144 50.4
316 144.4 50.4
316 144.8 50.8
316 145.2 48
316 145.6 50.8
316 146 50.8
316 146.4 50.8
316 146.8 50.8
end
start
317 140.8 56.4
317 141.2 55.6
317 142.4 55.2
317 142.8 55.6
317 143.2 57.2
317 143.6 55.2
317 144 54.4
317 144.4 54.8
317 144.8 54.4
317 145.2 54.8
317 145.6 54.4
317 146 56
317 146.4 56.4
317 146.8 54.8
end
start
318 140.8 62.8
318 141.2 62.4
318 141.6 62
318 142 61.6
318 142.4 61.2
318 142.8 61.2
318 143.2 60.8
318 143.6 63.6
318 144 63.6
318 144.4 63.6
318 144.8 63.2
318 145.2 62.8
318 145.6 62.8
318 146 62.4
318 146.4 63.6
318 146.8 63.6
end
start
319 140.8 68
319 141.2 67.6
319 141.6 67.2
319 142 66.8
319 142.4 66.8
319 142.8 70
319 143.2 69.6
319 143.6 69.6
319 144 69.6
319 144.4 70
319 144.8 70
319 145.2 70
319 145.6 70
319 146 64
319 146.4 64
end
start
320 142.8 70.8
320 143.2 70.8
320 143.6 71.2
320 144 71.2
320 144.4 70.8
320 144.8 70.8
end
start
321 140.8 82
321 141.2 82
321 141.6 82
321 142 82
321 142.4 82
321 142.8 82
321 143.2 82
321 143.6 82
321 144 82
321 144.4 81.6
321 144.8 82
321 145.2 82
321 145.6 82
321 146 82
321 146.4 82
321 146.8 82
end
start
322 144.4 108.4
322 144.8 104.8
322 145.2 104.8
322 145.6 105.2
322 146 107.6
322 146.4 108.4
end
start
323 140.8 120
323 141.2 120.4
323 141.6 120.4
323 142 120.8
323 142.4 121.2
323 143.2 119.2
323 144.4 120.8
323 144.8 120.8
323 145.2 120.8
323 146.4 121.2
end
start
324 140.8 124.4
324 141.2 124
324 141.6 126
324 142 126.4
324 142.4 126.8
324 142.8 127.2
324 143.6 127.6
324 144 126.4
324 144.4 124
324 145.6 127.6
324 146 125.6
324 146.4 125.6
end
start
325 140.8 128.4
325 141.2 128.4
325 141.6 128.4
325 142 134
325 142.4 134
325 142.8 134
325 143.2 133.6
325 143.6 133.6
325 144 133.2
325 144.4 133.2
325 144.8 132.8
325 145.2 132.4
325 145.6 132.4
325 146 132
325 146.4 132
325 146.8 131.6
end
start
326 140.8 158.8
326 141.2 158.8
326 141.6 158.8
326 142 158.8
326 142.4 158.8
326 142.8 158.8
326 143.2 158.8
326 143.6 158.8
326 144 158.8
326 144.4 156.4
326 144.8 156.4
326 145.2 156.4
326 145.6 156.8
326 146 155.2
326 146.4 155.2
326 146.8 155.2
end
start
327 140.8 191.2
327 141.2 191.2
327 141.6 191.2
327 142 191.2
327 142.4 191.2
327 142.8 190.8
327 143.2 190.8
327 143.6 190.8
327 144 190.8
327 144.4 190.8
327 144.8 190.8
327 145.2 190.8
327 145.6 191.2
327 146 191.2
327 146.4 191.2
327 146.8 191.6
end
start
328 147.2 12
328 147.6 12
328 148 12.4
328 148.4 10
328 148.8 10.8
328 149.2 11.2
328 149.6 11.2
328 150 11.2
328 150.4 12.4
328 150.8 12
328 151.2 11.6
328 151.6 11.6
328 152 11.6
328 152.4 11.6
328 152.8 11.6
328 153.2 12
end
start
329 147.2 16
329 147.6 18.8
329 148 18.8
329 148.4 18.4
329 148.8 18.4
329 149.2 18
329 149.6 18
329 150 17.6
329 150.4 17.6
329 150.8 18.8
329 151.2 18.8
329 151.6 18.4
329 152 18.4
329 152.4 18
329 152.8 18
329 153.2 18
end
start
330 147.2 21.2
330 147.6 22.8
330 148 22.8
330 148.4 25.2
330 148.8 25.2
330 149.2 25.2
330 149.6 24.8
330 150 24.8
330 150.4 24.8
330 150.8 24.4
330 151.2 24.4
330 151.6 24.4
330 152 24.4
330 152.4 24
330 152.8 24
330 153.2 24
end
start
331 148.4 26
331 148.8 26.4
331 149.2 26.4
331 149.6 26.4
331 150 26.4
331 150.4 26
331 150.8 26
331 151.2 26
331 151.6 26
331 152 26
331 152.4 25.6
331 152.8 25.6
331 153.2 25.6
end
start
332 147.2 37.2
332 147.6 37.2
332 148 37.6
332 148.4 37.6
332 148.8 37.6
332 149.2 37.6
332 149.6 38
332 150 37.2
332 150.4 37.2
332 150.8 36.8
332 151.2 38
332 151.6 38
332 152 36.8
332 152.4 36.8
332 152.8 37.6
332 153.2 37.6
end
start
333 147.2 43.2
333 148 39.2
333 148.4 39.6
333 148.8 43.6
333 149.2 44
333 149.6 44.4
333 150 42.8
333 150.4 43.2
333 150.8 43.6
333 151.2 44
333 151.6 44.4
333 152 42
333 152.4 42
333 152.8 44.4
333 153.2 44
end
start
334 147.2 50.8
334 147.6 50.4
334 148 50
334 148.4 50.4
334 148.8 49.2
334 149.2 50.8
334 149.6 50.8
334 150 49.6
334 150.4 49.6
334 150.8 49.6
334 151.2 50
334 151.6 50.4
334 152 50.8
334 152.4 50.8
334 152.8 50.4
334 153.2 50
end
start
335 147.2 57.2
335 147.6 57.2
335 148 56.8
335 148.4 56.8
335 148.8 56.4
335 149.2 56.4
335 149.6 56
335 150 55.6
335 150.4 55.6
335 150.8 57.2
335 151.2 57.2
335 151.6 57.2
335 152 56.8
335 152.4 56.8
335 152.8 56.4
335 153.2 56.4
end
start
336 147.2 63.2
336 147.6 62.8
336 148 62.8
336 148.4 62.4
336 148.8 62
336 149.2 61.6
336 149.6 61.2
336 150 60.8
336 150.4 60.4
336 150.8 60
336 151.2 60
336 151.6 59.6
336 152 59.2
336 152.4 58.8
336 152.8 58.4
336 153.2 58.4
end
start
337 147.6 121.2
337 148 121.2
337 148.4 119.2
337 148.8 116
337 149.2 116.4
337 150 121.2
337 150.4 120.8
337 152 121.2
337 152.4 120.4
337 152.8 117.6
end
start
338 147.2 124.4
338 147.6 124
338 148 124
338 149.6 122
338 150 121.6
338 150.8 123.6
338 151.2 123.2
338 151.6 122.8
338 152 121.6
338 152.8 127.6
338 153.2 127.6
end
start
339 147.2 131.6
339 147.6 131.2
339 148 130.8
339 148.4 130.8
339 148.8 130.4
339 149.2 130.4
339 149.6 130
339 150 129.6
339 150.4 129.2
339 150.8 128.8
339 151.2 128.8
339 151.6 128.4
339 152 128
339 152.4 128
339 152.8 128
end
start
340 151.2 143.6
340 151.6 143.6
340 152 143.6
340 152.4 143.6
340 152.8 143.6
340 153.2 143.6
end
start
341 147.2 155.2
341 147.6 155.2
341 148 155.2
341 148.4 155.2
341 148.8 155.2
341 149.2 155.2
341 149.6 155.2
341 150 155.2
341 150.4 155.2
341 150.8 155.6
341 151.2 155.6
341 151.6 155.6
341 152 155.6
341 152.4 155.6
341 152.8 155.6
341 153.2 155.6
end
start
342 147.2 191.6
342 147.6 191.2
342 148 191.2
342 148.4 190.8
342 148.8 190.8
342 149.2 190.8
342 149.6 190.8
342 150 190.8
342 150.4 190.8
342 150.8 190.8
342 151.2 190.8
342 151.6 190.8
342 152 190.8
342 152.4 190.8
342 152.8 190.8
342 153.2 190.8
end
start
343 153.6 12
343 154 12
343 154.4 12
343 154.8 12
343 155.2 12
343 155.6 12
343 156 12
343 156.4 12.4
343 156.8 12.4
343 157.2 12.4
343 157.6 12.4
343 158 12.4
343 158.4 12
343 158.8 12.4
343 159.2 12.4
343 159.6 12.4
end
start
344 153.6 18
344 154 18
344 154.4 18
344 154.8 18
344 155.2 16.8
344 155.6 16.8
344 156 17.6
344 156.4 17.2
344 159.2 18.8
344 159.6 18.8
end
start
345 153.6 25.2
345 154 25.2
345 154.4 25.2
345 156 20.4
345 156.4 20
345 156.8 24.4
345 157.2 24.4
345 157.6 24.8
345 158 24.8
345 158.4 24.8
345 158.8 24.8
345 159.2 24.8
345 159.6 25.2
end
start
346 153.6 38
346 154 38
346 154.4 36.4
346 154.8 36.4
346 155.2 37.6
346 155.6 38
346 156 38
346 156.4 38
346 156.8 36.4
346 157.2 36.4
346 157.6 36.4
346 158 36.4
346 158.4 36.4
346 158.8 37.2
346 159.2 37.6
346 159.6 37.6
end
start
347 153.6 43.2
347 154 41.2
347 154.4 44.4
347 154.8 44.4
347 155.2 44
347 155.6 42
347 156 44.4
347 156.4 44.4
347 156.8 42.8
347 157.2 39.6
347 157.6 40.4
347 158 40.8
347 158.4 43.2
347 158.8 42.8
347 159.2 41.2
347 159.6 44.4
end
start
348 153.6 50
348 154 50
348 154.4 50
348 154.8 50
348 155.2 50
348 155.6 50.8
348 156 50.8
348 156.4 50.8
348 156.8 49.6
348 157.2 49.6
348 157.6 49.6
348 158 49.6
348 158.4 48.4
348 158.8 49.2
348 159.2 49.6
348 159.6 50
end
start
349 153.6 55.6
349 154 57.2
349 154.4 57.2
349 154.8 56.8
349 155.2 56.4
349 155.6 56
349 156 56
349 156.4 56
349 156.8 55.6
349 157.2 55.6
349 157.6 54.8
349 158 52
349 158.4 54.8
349 158.8 54.8
349 159.2 54.8
349 159.6 54.8
end
start
350 154.4 90.8
350 154.8 90.8
350 155.2 91.6
350 155.6 92
350 156 92.4
350 156.4 92.8
350 156.8 93.2
350 157.2 94
350 157.6 94.8
350 158 95.2
350 158.4 95.6
350 158.8 95.6
350 159.2 95.6
end
start
351 156.4 97.2
351 156.8 97.6
351 157.2 98
351 157.6 98
351 158 98
351 158.4 98
351 158.8 98
351 159.2 99.6
351 159.6 102
end
start
352 153.6 127.6
352 154 127.2
352 154.4 126.8
352 154.8 126.8
352 155.2 126.4
352 155.6 126.4
352 156 126.4
352 156.4 126
352 156.8 126
352 157.2 125.6
352 157.6 125.6
352 158 125.6
352 158.4 125.6
352 158.8 125.6
352 159.2 126
352 159.6 125.6
end
start
353 153.6 143.6
353 154 143.6
353 154.4 143.6
353 154.8 143.6
353 155.2 143.6
353 155.6 143.6
353 156 143.6
353 156.4 143.6
353 156.8 143.6
353 157.2 143.6
353 157.6 143.6
353 158 143.6
353 158.4 143.6
353 158.8 143.6
353 159.2 143.6
353 159.6 143.6
end
start
354 153.6 155.6
354 154 155.6
354 154.4 155.6
354 154.8 155.6
354 155.2 155.6
354 155.6 155.6
354 156 155.6
354 156.4 155.6
354 156.8 155.6
354 157.2 155.6
354 157.6 155.6
354 158 155.6
354 158.4 155.6
354 158.8 155.6
354 159.2 159.6
354 159.6 159.6
end
start
355 153.6 190.8
355 154 190.8
355 154.4 190.8
355 154.8 190.8
355 155.2 190.8
355 155.6 190.4
355 156 190.4
355 156.4 190.4
355 156.8 190.4
355 157.2 190.4
355 157.6 190.4
355 158 190
355 158.4 190
355 158.8 190
355 159.2 190
355 159.6 189.6
end
start
356 160 12.4
356 160.4 12.4
356 160.8 12.4
356 161.2 12.4
356 161.6 12.4
356 162 12.4
356 162.4 12
356 162.8 11.6
356 164 12.4
356 164.4 12.4
356 164.8 12
356 165.2 11.2
356 165.6 10.8
356 166 12.4
end
start
357 160 18.4
357 160.4 16.8
357 160.8 16.8
357 161.2 18.8
357 161.6 18.4
357 162 18.4
357 162.4 18
357 162.8 18
357 163.2 18
357 163.6 18.4
357 164 18.8
357 164.4 18
357 164.8 18
357 165.2 18.8
357 165.6 17.6
357 166 18.8
end
start
358 160 22.8
358 160.4 22.4
358 161.2 19.6
358 161.6 19.6
358 162 19.6
358 162.4 19.6
358 162.8 19.6
358 163.2 22.4
358 163.6 22.4
358 164 22.8
358 164.4 22.8
358 164.8 22.8
358 165.2 22.8
358 165.6 23.2
358 166 23.6
end
start
359 164.4 31.2
359 164.8 31.6
359 165.2 31.6
359 165.6 31.6
359 166 31.6
end
start
360 160 37.6
360 160.4 38
360 160.8 38
360 161.2 38
360 161.6 38
360 162 35.2
360 162.4 37.2
360 162.8 37.2
360 163.2 37.6
360 163.6 38
360 164 38
360 164.4 35.6
360 164.8 35.6
360 165.2 38
360 165.6 36.4
360 166 36.8
end
start
361 160 41.6
361 160.4 41.6
361 160.8 42
361 161.2 44.4
361 161.6 44.4
361 162 42.8
361 162.4 43.2
361 162.8 44.4
361 163.2 44
361 163.6 39.6
361 164 44
361 164.4 44
361 164.8 44
361 165.2 44
361 165.6 40
361 166 40.4
end
start
362 160 50.4
362 160.4 50
362 160.8 49.6
362 161.2 48.4
362 161.6 48.8
362 162 49.2
362 162.4 49.6
362 162.8 50
362 163.2 50
362 163.6 50.4
362 164 50.8
362 164.4 50.8
362 164.8 50.8
362 165.2 47.2
362 165.6 46.8
362 166 46.4
end
start
363 160 52.4
363 160.4 54
363 160.8 55.6
363 161.2 56
363 161.6 56.4
363 162 56.8
363 162.4 57.2
363 162.8 57.2
363 163.2 55.6
363 163.6 56
363 164 56.4
363 164.4 57.2
363 164.8 56
363 165.2 56.4
363 165.6 57.2
363 166 56
end
start
364 162.8 58
364 163.2 58.4
364 163.6 58.8
364 164 59.6
364 164.4 60
364 164.8 60.4
364 165.2 60.4
364 165.6 60.8
364 166 61.2
end
start
365 160 125.6
365 160.4 125.6
365 160.8 125.6
365 161.2 124.8
365 161.6 126
365 162 126.8
365 162.4 127.6
end
start
366 162.8 128.8
366 163.2 130
366 163.6 130.8
366 164 131.6
366 164.4 132.4
366 164.8 133.6
366 165.2 134
end
start
367 160 143.6
367 160.4 143.6
367 160.8 143.6
367 161.2 143.6
367 161.6 143.6
367 162 143.6
367 162.4 143.6
367 162.8 143.6
end
start
368 160 159.2
368 160.4 158.8
368 160.8 158.8
368 161.2 158.8
368 161.6 158.8
368 162 158.8
368 162.4 158.4
368 162.8 158.4
368 163.2 158.4
368 163.6 158
368 164 158
368 164.4 158
368 164.8 158.4
368 165.2 158
368 165.6 158
368 166 155.2
end
start
369 160 189.6
369 160.4 189.6
369 160.8 189.6
369 161.2 189.2
369 161.6 189.2
369 162 189.2
369 162.4 189.2
369 162.8 189.2
369 163.2 189.2
369 163.6 189.2
369 164 188.8
369 164.4 188.8
369 164.8 188.8
369 165.2 188.8
369 165.6 188.8
369 166 188.8
end
start
370 166.4 12
370 166.8 11.6
370 167.2 11.2
370 167.6 12.4
370 168 12.4
370 168.4 12.4
370 168.8 12.4
370 169.2 12.4
370 170.8 12.4
370 171.2 12.4
370 171.6 12.4
370 172 12
370 172.4 12
end
start
371 166.4 18.8
371 166.8 18.4
371 167.2 18
371 167.6 18
371 168 17.6
371 168.4 17.2
371 168.8 17.2
371 169.2 16.8
371 169.6 16.8
371 170 16.4
371 170.4 16.4
371 170.8 16
371 171.2 16.4
371 171.6 16.4
371 172 13.6
371 172.4 15.6
end
start
372 166.4 23.6
372 166.8 24
372 167.2 24
372 167.6 24.4
372 168 24.8
372 168.4 25.2
372 168.8 25.2
372 169.2 25.2
372 169.6 24.4
372 170 24
372 170.4 24.4
372 170.8 25.2
end
start
373 166.4 30.4
373 166.8 30.4
373 167.2 30.4
373 167.6 30.4
373 168 30.8
373 168.4 30.8
373 168.8 30.4
373 169.2 30.8
373 169.6 30.4
373 170 31.6
373 170.4 31.6
373 170.8 31.2
373 171.2 30.8
373 171.6 29.6
end
start
374 166.4 37.2
374 166.8 37.6
374 167.2 38
374 167.6 38
374 168 35.2
374 168.4 35.2
374 168.8 35.2
374 169.2 38
374 169.6 38
374 170 37.6
374 170.4 37.2
374 170.8 36.8
374 171.2 36.4
374 171.6 38
374 172 38
374 172.4 36.8
end
start
375 166.4 44
375 166.8 43.6
375 167.2 44.4
375 167.6 44
375 168 44
375 168.4 43.6
375 168.8 43.2
375 169.2 40.8
375 169.6 44.4
375 170 44
375 170.4 43.6
375 170.8 42.8
375 171.2 42.4
375 171.6 42.4
375 172 42
375 172.4 42
end
start
376 166.4 46
376 166.8 46
376 167.2 50.4
376 167.6 50.8
376 168 46.8
376 168.4 47.2
376 168.8 47.6
376 169.2 48
376 169.6 48.4
376 170 48.8
376 170.4 49.6
376 170.8 50
376 171.2 50.4
376 171.6 50.8
376 172 47.2
376 172.4 47.6
end
start
377 166.4 55.6
377 166.8 55.6
377 167.2 56.8
377 167.6 56.4
377 168 56.4
377 168.4 56.8
377 168.8 57.2
377 169.2 57.2
377 169.6 56
377 170 56.4
377 170.4 56.8
377 170.8 56.8
377 171.2 57.2
377 171.6 57.2
377 172 51.6
377 172.4 56.8
end
start
378 166.4 61.6
378 166.8 62
378 167.2 62
378 167.6 62.4
378 168 62.8
378 168.4 62.8
378 168.8 63.2
378 169.2 63.2
378 169.6 63.6
378 170 63.6
378 170.4 63.6
378 170.8 62.4
378 171.2 62.8
378 171.6 62.8
378 172 63.2
378 172.4 63.2
end
start
379 170.4 64
379 170.8 64.4
379 171.2 64.4
379 171.6 64.8
379 172 64.8
379 172.4 64.8
end
start
380 170 89.2
380 170.4 89.2
380 170.8 89.2
380 171.2 88
380 171.6 88
380 172 87.6
380 172.4 87.6
end
start
381 170.8 89.6
381 171.2 89.6
381 171.6 92.4
381 172 92.8
381 172.4 93.2
end
start
382 166.4 136.8
382 166.8 137.6
382 167.2 138
382 167.6 138.8
382 168 139.2
382 168.4 140
382 168.8 140.4
382 169.2 140.4
end
start
383 169.2 140.8
383 169.6 141.2
383 170 141.6
383 170.4 142
383 170.8 142.4
383 171.2 142.8
383 171.6 143.2
383 172 143.6
383 172.4 144
end
start
384 166.4 155.2
384 166.8 155.2
384 167.2 155.2
384 167.6 155.2
384 168 154.8
384 168.4 154.8
384 168.8 154.8
384 169.2 154.8
384 169.6 154.8
384 170 154.8
384 170.4 154.4
384 170.8 154.4
384 171.2 154.4
384 171.6 154.4
384 172 154.4
384 172.4 154.4
end
start
385 166.8 183.6
385 167.2 183.6
385 167.6 183.2
385 168 182.8
385 168.4 182.4
385 168.8 182.4
385 169.2 182
385 169.6 182
385 170 182
end
start
386 166.4 188.8
386 166.8 189.2
386 167.2 189.2
386 167.6 188.8
386 168 188.8
386 168.4 188.8
386 168.8 188.8
386 169.2 188.4
386 169.6 188.4
386 170 188.4
386 170.4 188.4
386 170.8 188
386 171.2 188
386 171.6 188
386 172 188
386 172.4 188
end
start
387 172.8 12
387 173.2 12
387 173.6 12
387 174 12
387 177.6 12
387 178 12
387 178.4 12
387 178.8 12
end
start
388 172.8 16
388 173.2 16
388 173.6 16
388 174 16
388 174.4 13.2
388 174.8 13.2
388 175.2 13.2
388 175.6 14.8
388 176 16
388 176.4 16
388 176.8 16.4
388 177.2 16.4
388 177.6 16
388 178 14.8
388 178.4 14.4
388 178.8 14.8
end
start
389 174 31.6
389 174.4 31.6
389 174.8 31.2
389 175.2 30.8
389 175.6 31.2
389 176 31.2
389 176.4 31.2
389 176.8 31.2
389 177.2 31.2
389 177.6 30.8
389 178 30.8
389 178.4 30.8
389 178.8 30.8
end
start
390 172.8 36
390 174 32.4
390 174.4 32.8
390 174.8 37.2
390 175.2 37.6
390 175.6 38
390 176 38
390 176.4 38
390 176.8 32.8
390 177.2 32.8
390 177.6 32.8
390 178 32.4
390 178.4 32.4
390 178.8 32.4
end
start
391 172.8 42
391 173.2 42
391 173.6 42.8
391 174 43.2
391 174.4 43.6
391 174.8 44
391 175.2 44
391 175.6 44.4
391 176 39.6
391 176.4 40
391 176.8 40.4
391 177.2 40.8
391 177.6 41.2
391 178 42
391 178.4 43.2
391 178.8 43.2
end
start
392 172.8 50
392 173.2 50
392 173.6 50.4
392 174 50.8
392 174.4 50.8
392 174.8 49.6
392 175.2 50
392 175.6 50.8
392 176 50.8
392 176.4 50.8
392 176.8 50.4
392 177.2 50.4
392 177.6 50.4
392 178 50.8
392 178.4 50.4
392 178.8 50.4
end
start
393 172.8 56
393 173.2 55.6
393 173.6 52
393 174 52.4
393 174.4 54
393 174.8 57.2
393 175.2 57.2
393 175.6 54.8
393 176 57.2
393 176.4 57.2
393 176.8 54.8
393 177.2 54.4
393 177.6 54.4
393 178 54
393 178.4 54.4
393 178.8 54.4
end
start
394 172.8 63.6
394 173.2 63.6
394 173.6 63.6
394 174 62.8
394 174.4 62.8
394 174.8 63.2
394 175.2 63.2
394 175.6 63.2
394 176 63.2
394 176.4 63.2
394 176.8 62.4
394 177.2 62.8
394 177.6 63.2
394 178 63.2
394 178.4 59.2
394 178.8 59.2
end
start
395 172.8 65.2
395 173.2 65.2
395 173.6 65.2
395 174 65.6
395 174.4 65.6
395 174.8 65.6
395 175.2 65.6
395 175.6 65.6
395 176 66
395 176.4 66
395 176.8 66
395 177.2 66.4
395 177.6 66.4
395 178 66
395 178.4 66
395 178.8 66
end
start
396 172.8 87.6
396 173.2 88
396 173.6 88
396 174 87.6
396 174.4 87.2
396 174.8 87.2
396 175.2 87.2
396 175.6 87.2
396 176 87.2
396 176.4 86.8
396 176.8 86.8
396 177.2 86.8
396 177.6 86.4
396 178 86.4
396 178.4 86.4
396 178.8 86.4
end
start
397 172.8 93.6
397 173.2 93.6
397 173.6 94
397 174 94
397 174.4 94.8
397 174.8 95.2
397 175.2 95.2
397 175.6 93.6
397 176 93.6
397 176.4 93.6
397 176.8 93.6
397 177.2 93.6
397 177.6 93.6
397 178 94.8
397 178.4 95.2
397 178.8 95.6
end
start
398 172.8 100.4
398 173.2 99.6
398 173.6 99.2
398 174 98.8
398 174.4 98.4
398 174.8 97.6
398 175.2 97.2
end
start
399 172.8 144.4
399 173.2 144.4
399 173.6 144.8
399 174 145.2
399 174.4 145.6
399 174.8 145.6
399 175.2 146
399 175.6 146.4
399 176 146.4
399 176.4 146.8
399 176.8 146.8
end
start
400 176.8 147.2
400 177.2 147.2
400 177.6 147.2
400 178 147.6
400 178.4 147.6
400 178.8 148
end
start
401 172.8 154.4
401 173.2 154.4
401 173.6 154.4
401 174 154
401 174.4 154
401 174.8 154
401 175.2 154
401 175.6 154
401 176 154
401 176.4 154
401 176.8 154
401 177.2 154
401 177.6 154
401 178 154
401 178.4 153.6
401 178.8 153.6
end
start
402 176.8 185.2
402 177.2 183.6
402 177.6 183.2
402 178 182.8
402 178.4 182.4
402 178.8 182
end
start
403 172.8 187.6
403 173.2 187.6
403 173.6 187.6
403 174 187.6
403 174.4 187.2
403 174.8 187.2
403 175.2 187.2
403 175.6 187.2
403 176 187.2
403 176.4 187.2
403 177.2 187.2
403 177.6 187.2
403 178 186.8
403 178.4 186.8
end
start
404 179.2 15.2
404 179.6 15.2
404 180 15.2
404 180.4 15.2
404 180.8 15.2
404 181.2 14.8
404 181.6 14
404 182 14
404 182.4 14
404 182.8 14
404 183.2 14
404 183.6 14
404 184 14
404 184.4 13.6
404 184.8 14
404 185.2 14
end
start
405 179.2 30.8
405 179.6 30.4
405 180 30.4
405 180.4 30.4
405 180.8 30
405 181.2 30
405 181.6 30
405 182 29.6
405 182.4 29.2
405 182.8 28.8
405 183.2 31.6
405 183.6 31.6
405 184 29.6
405 184.4 31.6
405 184.8 31.6
405 185.2 31.6
end
start
406 179.2 32.4
406 179.6 32.4
406 180 32
406 180.4 32
406 180.8 32
406 181.2 32
406 181.6 32
406 182 32
406 182.4 32
406 182.8 32
406 183.2 32
406 183.6 32
406 184 32
end
start
407 179.2 50.4
407 181.2 50
407 181.6 50.4
407 182 50.4
407 182.4 50.8
407 182.8 50.8
407 183.2 49.6
407 183.6 49.6
407 184 49.6
407 184.4 49.2
407 184.8 49.2
407 185.2 50.8
end
start
408 179.2 54.8
408 179.6 56.8
408 180 56.8
408 180.4 56.8
408 180.8 56.4
408 181.2 56
408 181.6 57.2
408 182 57.2
408 182.4 57.2
408 182.8 56.8
408 183.2 54
408 183.6 54
408 184 54
408 185.2 57.2
end
start
409 179.2 63.6
409 179.6 63.6
409 180 63.2
409 180.4 63.2
409 180.8 63.2
409 181.2 63.2
409 181.6 63.2
409 182 62.8
409 182.4 62.8
409 182.8 62.8
409 183.2 62.4
409 183.6 62.4
409 184 62
409 184.4 61.6
409 184.8 62.8
409 185.2 60
end
start
410 179.2 66
410 179.6 65.6
410 180 65.6
410 180.4 65.2
410 180.8 65.2
410 181.2 66
410 181.6 66.8
410 182 66.8
410 182.4 66.8
410 182.8 66.8
410 183.2 66.4
410 183.6 64.8
410 184 64
410 184.4 64
410 184.8 64.8
410 185.2 66.4
end
start
411 179.2 86
411 179.6 89.2
411 180 89.2
411 180.4 88.8
411 180.8 88.4
411 181.2 88
411 181.6 87.6
411 182 85.6
411 182.4 85.2
411 182.8 85.2
411 183.2 84.8
411 183.6 84.8
411 184 84.4
411 184.4 84.4
411 184.8 84.4
411 185.2 84.4
end
start
412 179.2 95.2
412 179.6 95.6
412 180 95.6
412 180.4 95.2
412 180.8 95.6
412 181.2 95.6
412 181.6 95.2
412 182 95.2
412 182.4 95.2
412 182.8 94.8
412 183.2 94.8
412 183.6 95.2
412 184 95.2
412 184.4 94.8
412 184.8 94.8
412 185.2 94.8
end
start
413 179.2 148
413 179.6 148
413 180 148.4
413 180.4 148.4
413 180.8 153.2
413 181.2 153.2
413 181.6 153.2
413 182 153.2
413 182.4 153.2
413 182.8 153.2
413 183.2 153.2
413 183.6 153.2
413 184 153.2
413 184.4 153.2
413 184.8 152.8
413 185.2 152.8
end
start
414 179.2 182
414 179.6 181.6
414 180 181.2
414 180.4 180.8
414 180.8 180.8
414 181.2 180.8
414 181.6 180.4
414 182 180.4
414 182.4 180.4
414 182.8 180.4
414 183.2 180
414 183.6 180
414 184 180
414 184.4 180
414 184.8 180
414 185.2 180
end
start
415 185.6 14
415 186 14.4
415 186.4 14.4
415 186.8 14
415 187.2 14
415 187.6 13.6
415 188 13.6
415 188.4 13.6
415 188.8 13.6
415 189.2 13.6
415 189.6 13.6
415 190 13.6
415 190.4 14
415 190.8 14
415 191.2 14
415 191.6 14
end
start
416 185.6 46
416 186 46
416 186.4 46
416 186.8 47.6
416 187.2 47.6
416 187.6 47.2
416 188 47.2
416 188.4 50
416 188.8 50.4
416 189.2 50.8
416 189.6 50
416 190 50.4
416 190.4 50.4
416 190.8 50.8
416 191.2 50.8
416 191.6 50
end
start
417 185.6 51.6
417 186 57.2
417 186.4 57.2
417 186.8 54.4
417 187.2 54
417 187.6 54
417 188 52.4
417 188.4 52.4
417 188.8 52.8
417 189.2 53.6
417 189.6 55.6
417 190 56
417 190.4 56.4
417 190.8 56.8
417 191.2 56.8
417 191.6 56.8
end
start
418 185.6 62.4
418 186 63.6
418 186.4 63.6
418 186.8 61.6
418 187.2 59.6
418 187.6 59.6
418 188 60
418 188.4 60.4
418 188.8 60.8
418 189.2 60.8
418 189.6 61.2
418 190 61.6
418 190.4 62
418 190.8 62.4
418 191.2 63.6
418 191.6 63.2
end
start
419 185.6 68.4
419 186 70
419 186.4 64.4
419 186.8 66.8
419 187.2 68
419 187.6 70
419 191.2 64.8
419 191.6 64.8
end
start
420 186.4 72.8
420 186.8 73.6
420 187.2 74.4
420 187.6 74.8
420 188 75.2
420 188.4 75.2
420 188.8 75.2
420 189.2 74.4
end
start
421 186.8 82.8
421 187.2 82.4
421 187.6 82
421 188 82
421 188.4 82
421 188.8 82
421 189.2 82.4
421 189.6 82
421 190 82
421 190.4 81.2
421 190.8 80.8
421 191.2 80.4
421 191.6 80
end
start
422 185.6 83.6
422 186 83.6
422 186.4 83.6
422 186.8 83.6
422 191.2 89.2
422 191.6 89.2
end
start
423 185.6 94
423 186 93.2
423 186.4 94.8
423 186.8 94.8
423 187.2 94.4
423 187.6 94.4
423 188 94
423 188.4 94
423 188.8 94
423 189.2 94
423 189.6 94
423 190 93.6
423 190.4 93.6
423 190.8 93.6
423 191.2 93.2
423 191.6 92.8
end
start
424 185.6 152.8
424 186 152.8
424 186.4 152.8
424 186.8 152.8
424 187.2 152.8
424 187.6 152.8
424 188 152.8
424 188.4 152.8
424 188.8 152.8
424 189.2 152.8
424 189.6 152.8
424 190 153.2
424 190.4 153.2
424 190.8 153.2
424 191.2 152
424 191.6 152
end
start
425 190 156.4
425 190.4 157.6
425 190.8 159.6
425 191.2 155.2
425 191.6 155.2
end
start
426 185.6 180
426 186 180
426 186.4 180
426 186.8 180
426 187.2 180.4
426 187.6 180.4
426 188 180.8
426 188.4 181.2
426 188.8 181.6
426 189.2 182.4
426 189.6 184
426 190 184.4
426 190.4 184.4
426 190.8 184.8
426 191.2 184.4
426 191.6 184.4
end
start
427 186.4 191.6
427 186.8 191.6
427 187.2 191.6
427 187.6 191.6
427 188 191.6
427 188.4 191.6
427 188.8 191.2
427 189.2 191.2
427 189.6 191.2
427 190 191.2
427 190.4 190.8
427 190.8 190.8
427 191.2 190.4
427 191.6 190.8
end
