1 12 84.4&12.4 88.8
2 12.8 82.8&15.2 79.6
3 12.8 91.6&14 95.6
4 14 96&16.4 102
5 16.4 102.4&18.8 106.4
6 12.8 178.8&13.2 178.8
7 13.2 179.2&18.8 182.8
8 12.8 187.6&18.8 190.4
9 20.4 55.6&25.2 53.2
10 19.2 106.8&20.4 108.4
11 20.4 108.8&25.2 114.8
12 19.2 182.8&25.2 184.8
13 19.2 190&24 185.6
14 26.4 50.8&30.8 49.6
15 25.6 52.8&29.2 51.2
16 30.8 95.6&31.6 94.4
17 27.6 102&31.6 98
18 27.2 108.4&29.6 102.4
19 25.6 113.2&26.8 110
20 25.6 117.2&30.8 121.2
21 30.8 121.6&31.6 122.4
22 25.6 184.4&31.6 180
23 37.6 43.2&38 42.8
24 36.8 45.2&38 44.8
25 34.8 89.2&38 88
26 32 94&36.8 89.6
27 32 97.6&32.8 96
28 32 122.4&36.8 127.6
29 36.8 128&38 129.2
30 35.2 158.4&38 159.6
31 32.8 178.8&38 175.6
32 32 179.6&32.8 179.2
33 38.4 44.4&44.4 42
34 40.8 82.8&44.4 78.4
35 38.4 87.2&40.8 83.2
36 38.4 129.2&44.4 132.8
37 44 159.6&44.4 159.2
38 38.4 160.4&44.4 164.4
39 40.4 168&43.6 166.4
40 38.4 175.2&44.4 173.6
41 44.8 42&50.8 41.2
42 45.2 76.4&50.8 70.4
43 44.8 77.6&50.8 81.2
44 48.4 120.8&50.8 120
45 44.8 133.2&46.8 134
46 46.8 134.4&50.8 138
47 48.4 153.2&50.8 152.8
48 44.8 158.8&50.8 156
49 44.8 164&47.6 160
50 44.8 173.6&50.8 174
51 53.2 38&57.2 37.6
52 51.2 41.2&57.2 39.2
53 56.8 63.6&57.2 63.2
54 51.2 70&56.8 64
55 53.6 75.6&57.2 73.6
56 51.2 80.8&54.4 76.8
57 52.8 114.8&55.2 110
58 51.2 119.2&54.4 115.2
59 51.2 138.4&57.2 140.4
60 52 146.8&57.2 145.6
61 51.2 152&56.4 147.2
62 51.2 155.2&52.4 153.6
63 56 164&57.2 164.8
64 51.2 174&57.2 172.8
65 55.6 191.6&57.2 190.8
66 57.6 37.2&63.6 36.8
67 57.6 38.8&63.6 38.4
68 63.2 48&63.6 48
69 62.8 57.2&63.6 56.8
70 57.6 62.8&63.6 63.6
71 58 70&63.6 66.8
72 57.6 73.2&60 70.4
73 62.8 127.6&63.6 127.2
74 59.2 134&63.6 132.4
75 57.6 140&60.8 134.4
76 57.6 145.6&58 145.2
77 62.4 159.6&63.6 159.2
78 57.6 165.2&63.6 165.2
79 57.6 172.4&63.6 170.4
80 57.6 190.4&63.6 187.2
81 64 36.8&70 36.8
82 64 38.4&70 42
83 64 48&70 49.6
84 64 56.4&70 57.2
85 64 63.6&70 60.4
86 64 66.4&66.4 64
87 67.6 82.8&70 82
88 66.8 87.6&70 89.2
89 65.2 93.2&70 92.4
90 66 96&70 102
91 67.2 105.6&70 108
92 67.6 114.4&70 114.4
93 67.2 121.2&70 119.2
94 64 126.4&70 122.4
95 64 131.6&66 129.2
96 64 159.2&70 154.4
97 64 164.4&70 164
98 64 170.4&70 167.6
99 66.8 185.2&70 183.6
100 64 186.8&66.8 185.6
101 70.4 36.8&76.4 38
102 70.4 42&76.4 44
103 70.4 50.8&72.8 48
104 70.4 57.2&76.4 51.6
105 70.4 59.6&72 57.6
106 73.6 76.4&76.4 76.4
107 70.4 81.2&76.4 80
108 70.4 84.8&74.8 83.6
109 70.4 95.6&76.4 95.2
110 70.4 102&76.4 98.4
111 75.6 104&76.4 103.6
112 72 114.8&76.4 114
113 70.4 121.2&75.2 115.2
114 73.2 146.8&76.4 146
115 70.4 153.2&76.4 149.6
116 70.4 153.6&76.4 158.4
117 70.4 163.6&76.4 160.8
118 70.4 167.2&71.6 166.4
119 70.4 183.6&76.4 180.8
120 75.6 186.4&76.4 186
121 76.8 38.4&82.8 43.2
122 77.2 50.8&82.8 48.4
123 76.8 51.2&80.8 51.2
124 77.6 69.2&82.8 65.2
125 76.8 74.8&80.8 72.8
126 76.8 79.2&78.8 76.8
127 76.8 94.8&80.4 91.2
128 76.8 98.4&82.8 100.4
129 76.8 102.8&82.8 106.4
130 76.8 113.2&80.8 108.8
131 76.8 140.4&82.8 140.4
132 76.8 146&82.8 144.4
133 78.8 147.2&82.8 153.2
134 76.8 158&82.4 153.6
135 76.8 160.8&77.6 160
136 80.8 178.8&82.8 178
137 76.8 180.4&82.8 182.8
138 76.8 186&77.2 185.6
139 83.2 43.2&89.2 42.8
140 83.2 50.8&89.2 46.8
141 83.2 66.4&89.2 64.4
142 83.2 71.2&83.6 71.6
143 86 85.6&89.2 87.6
144 88.8 95.6&89.2 95.6
145 83.2 100.4&89.2 101.6
146 83.2 106&89.2 103.2
147 86 119.6&89.2 119.2
148 84 127.6&87.6 122
149 83.2 130&84 128
150 83.2 140.4&89.2 138.8
151 83.2 144.8&87.6 144.4
152 83.2 152.4&89.2 151.2
153 83.2 178&89.2 175.2
154 83.2 182.4&89.2 180
155 90.8 34&93.2 34
156 89.6 42.8&93.6 44.4
157 89.6 46.4&95.6 46.4
158 91.6 57.2&95.6 57.2
159 90 63.6&95.6 63.2
160 89.6 64&90 64
161 89.6 87.6&95.6 88
162 89.6 95.2&95.6 93.2
163 89.6 101.6&95.6 97.6
164 89.6 104&95.6 106.4
165 90.8 114.8&91.6 108.8
166 89.6 119.2&90.8 115.2
167 89.6 139.2&95.6 140.4
168 89.6 151.2&95.6 151.6
169 89.6 175.2&95.6 177.2
170 89.6 179.6&91.2 179.2
171 97.2 44.4&102 42.4
172 96 46&102 49.6
173 96 56.8&101.2 52.4
174 96 62.8&102 63.2
175 101.2 76.4&101.6 76.4
176 101.6 76.8&102 77.2
177 96 89.2&102 88
178 96 92.8&102 94
179 96 97.6&102 100
180 96 106&101.6 108.4
181 99.2 109.6&102 111.2
182 101.2 116&102 117.6
183 96 140.4&102 134.4
184 96.8 140.8&99.2 140.8
185 96 151.6&102 153.2
186 96 172.4&102 170.4
187 96 177.2&102 175.2
188 107.6 31.6&108.4 31.6
189 102.8 38&108.4 34.4
190 102.4 42.8&108.4 43.2
191 102.4 49.2&108.4 50.4
192 105.6 52&108.4 55.6
193 102.4 63.2&108.4 59.6
194 103.6 64&108.4 68
195 102.8 71.6&108.4 76
196 102.4 77.6&108.4 80.8
197 102.4 87.6&108.4 88.4
198 102.4 93.6&108.4 93.2
199 102.4 99.6&106.4 98.8
200 102.4 106.4&108.4 107.6
201 102.4 112.8&108.4 113.2
202 102.4 118&108.4 115.6
203 103.2 123.2&108.4 124.8
204 102.4 133.6&108.4 128.4
205 103.6 140.4&108.4 138.4
206 102.4 144&103.6 140.8
207 102.4 152.4&108.4 152.8
208 102.4 170.4&108.4 168.4
209 102.4 175.2&108.4 172.8
210 112.8 25.2&114.8 25.2
211 108.8 31.6&114.8 27.2
212 108.8 35.2&114.8 34.4
213 108.8 42.8&114.8 44.4
214 108.8 50&114.8 44.8
215 108.8 55.6&114.8 55.6
216 108.8 59.6&114.8 62
217 108.8 68&111.2 67.2
218 108.8 82.8&114.8 79.6
219 108.8 88.4&114.8 86.8
220 108.8 92.8&112 89.6
221 108.8 101.6&114.4 102
222 108.8 107.6&114.8 108.4
223 108.8 113.2&114.8 114.4
224 108.8 124.8&114.8 127.2
225 108.8 128&113.6 132.4
226 108.8 138.8&114.8 136.8
227 108.8 152.8&114.8 151.6
228 113.2 153.6&114.8 153.6
229 114.4 166&114.8 166
230 108.8 172.4&114 166.4
231 115.2 25.2&121.2 25.2
232 115.2 26.8&121.2 27.2
233 115.6 32.4&119.6 32.4
234 115.2 44.4&121.2 44
235 115.2 46.4&120.4 44.8
236 115.2 55.6&121.2 57.2
237 115.2 61.2&121.2 62.8
238 115.2 76.4&121.2 76.4
239 115.2 79.6&121.2 81.6
240 115.2 86.4&119.2 83.2
241 115.2 114.4&117.2 113.6
242 115.2 127.2&121.2 124.8
243 115.2 129.2&121.2 128
244 119.6 142.4&121.2 142
245 115.2 151.6&121.2 151.6
246 115.2 153.6&121.2 155.2
247 115.2 166&121.2 164.4
248 125.2 17.6&127.6 18.8
249 121.6 21.6&127.6 24.4
250 121.6 26.4&127.6 31.6
251 122.4 37.2&127.2 32
252 121.6 43.6&127.6 43.6
253 121.6 56.8&127.6 56
254 121.6 62.8&127.6 62.8
255 123.2 64&127.6 70
256 121.6 76.4&127.6 73.6
257 121.6 81.2&127.6 81.2
258 121.6 125.2&127.6 126.4
259 121.6 128&127.6 129.2
260 121.6 142&127.2 140.8
261 121.6 151.6&127.6 152.4
262 121.6 155.2&127.6 156
263 121.6 164&127.6 162.4
264 128 16.4&134 14.4
265 128 24.4&134 22.8
266 128 31.2&134 29.2
267 129.2 36.8&134 38
268 128 43.6&134 44
269 131.2 44.8&134 45.6
270 128 56&134 57.2
271 128 63.2&134 59.2
272 128 70&134 66.4
273 128 76.4&134 72.8
274 128 81.2&134 81.6
275 132.4 119.2&134 120.8
276 128 126.8&134 126.4
277 128 129.6&134 128.4
278 128 140.4&134 138
279 128 152.4&133.2 153.2
280 128 156.4&134 157.6
281 128 162.4&134 160.4
282 134.4 22.4&140.4 23.2
283 134.4 29.2&140.4 30.4
284 134.4 38&138 32
285 134.4 44&140.4 43.6
286 134.4 45.6&140.4 50
287 134.4 57.2&140.4 56.8
288 134.4 58.8&140.4 62.8
289 134.4 66&140.4 68
290 134.4 72.4&137.2 70.4
291 134.4 81.6&140.4 82
292 134.4 121.2&140.4 120
293 134.4 126.8&140.4 124.4
294 134.4 128.4&140.4 128.4
295 134.4 138&140.4 135.2
296 134.4 157.6&140.4 158.8
297 134.4 160.4&136.8 160
298 137.6 191.6&140.4 191.2
299 140.8 18.8&146.8 16.4
300 140.8 23.2&146.8 22
301 140.8 28.8&145.2 27.2
302 143.6 36&146.8 37.2
303 140.8 43.6&146 44.4
304 140.8 50&146.8 50.8
305 140.8 56.4&146.8 54.8
306 140.8 62.8&146.8 63.6
307 140.8 68&146.4 64
308 140.8 82&146.8 82
309 144.4 108.4&146.4 108.4
310 144.4 114.8&146.4 114.8
311 140.8 120&146.4 121.2
312 140.8 124.4&146.4 125.6
313 140.8 128.4&146.8 131.6
314 140.8 134.8&142 134.4
315 140.8 158.8&146.8 155.2
316 140.8 191.2&146.8 191.6
317 148.4 10&153.2 12
318 147.2 16&153.2 18
319 147.2 21.2&153.2 24
320 148.4 26&153.2 25.6
321 147.2 37.2&153.2 37.6
322 148.8 43.6&153.2 44
323 147.2 50.8&153.2 50
324 147.2 57.2&153.2 56.4
325 147.2 63.2&153.2 58.4
326 147.2 82&148.4 82
327 147.6 121.2&148.4 119.2
328 147.2 124.4&153.2 127.6
329 147.2 131.6&152.8 128
330 147.2 155.2&153.2 155.6
331 147.2 191.6&153.2 190.8
332 153.6 12&159.6 12.4
333 153.6 18&159.6 18.8
334 153.6 25.2&159.2 19.2
335 153.6 38&159.6 37.6
336 153.6 43.2&159.6 44.4
337 153.6 50&159.6 50
338 153.6 55.6&159.6 54.8
339 153.6 58&154 57.6
340 156.4 97.2&159.6 102
341 153.6 127.6&159.6 125.6
342 153.6 155.6&159.6 159.6
343 158.4 162&158.8 163.6
344 153.6 190.8&159.6 189.6
345 160 12.4&166 12.4
346 160 18.4&166 18.8
347 161.2 19.6&166 23.6
348 164.4 31.2&166 31.6
349 160 37.6&166 36.8
350 160 41.6&166 40.4
351 160 50.4&166 46.4
352 160 52.4&166 56
353 162.8 58&166 61.2
354 162 95.6&162.8 95.2
355 161.2 102&162 96
356 160 105.6&161.2 107.6
357 160.8 120.8&161.2 121.2
358 160 125.6&162.4 127.6
359 162.8 128.8&165.2 134
360 165.2 134.4&166 136
361 160 159.2&166 155.2
362 160 189.6&166 188.8
363 166.4 12&172.4 12
364 166.4 18.8&172.4 15.6
365 166.4 23.6&170.8 25.2
366 166.4 30.4&171.6 29.6
367 166.4 37.2&172.4 36.8
368 166.4 44&172.4 42
369 166.4 46&171.6 50.8
370 166.4 55.6&172.4 51.6
371 166.4 61.6&172.4 63.2
372 170.4 64&172.4 64.8
373 170 89.2&172.4 87.6
374 170.8 89.6&172.4 90
375 166.4 136.8&169.2 140.4
376 169.2 140.8&172.4 144
377 166.4 155.2&172.4 154.4
378 166.4 188.8&172.4 188
379 172.8 12&178.8 12
380 172.8 16&178.8 14.8
381 174 31.6&178.8 30.8
382 172.8 36&178.8 32.4
383 172.8 42&175.2 41.6
384 172.8 52&178.8 54.4
385 172.8 63.6&178.8 59.2
386 172.8 65.2&178.8 66
387 172.8 87.6&178.8 86.4
388 172.8 90&178.8 91.2
389 172.8 144.4&176.8 146.8
390 176.8 147.2&178.8 148
391 172.8 154.4&178.8 153.6
392 176.8 185.2&178.8 182
393 172.8 187.6&178.4 186.8
394 179.2 12.4&180 12.4
395 179.2 15.2&185.2 14
396 179.2 30.8&185.2 31.6
397 179.2 32.4&184 32
398 181.2 50&185.2 50.8
399 179.2 54.8&185.2 57.2
400 179.2 63.6&185.2 60
401 179.2 66&185.2 66.4
402 179.2 86&185.2 84.4
403 179.2 91.2&185.2 90.8
404 179.2 148&185.2 152.8
405 179.2 153.6&180.4 153.6
406 179.2 182&185.2 180
407 185.6 14&191.6 14
408 185.6 31.6&186.4 30
409 186.8 47.6&191.6 50
410 185.6 51.6&191.6 56.8
411 185.6 62.4&191.6 63.2
412 185.6 68.4&191.6 64.8
413 186.4 72.8&189.2 74.4
414 191.2 89.2&191.6 89.2
415 185.6 90.8&191.6 92.8
416 185.6 152.8&191.6 152
417 190.4 155.6&191.6 155.2
418 185.6 180&191.6 184.4
419 186.4 191.6&191.6 190.8
