start
1 0 171.2
1 0.4 171.2
1 0.8 171.6
1 1.2 171.6
1 1.6 172
1 2 172.4
1 2.4 172.4
1 2.8 172.4
end
start
2 2.8 172.8
2 3.2 173.2
2 3.6 173.2
2 4 173.6
2 4.4 173.6
2 4.8 174
2 5.2 174
2 5.6 174.4
2 6 174.4
end
start
3 0 179.6
3 0.4 180
3 0.8 180
3 1.2 180.4
3 1.6 180.4
3 2 180.8
3 2.4 180.8
3 2.8 181.2
3 3.2 181.6
3 3.6 181.6
3 4 182
3 4.4 182.4
3 4.8 182.4
3 5.2 182.8
3 5.6 183.2
3 6 183.2
end
start
4 6.4 174.8
4 6.8 175.2
4 7.2 175.2
4 7.6 175.6
4 8 176
4 8.4 176.4
4 8.8 176.4
4 9.2 176.8
4 9.6 176.8
4 10 177.2
4 10.4 177.6
4 10.8 177.6
4 11.2 178
4 11.6 178
4 12 178.4
4 12.4 178.8
end
start
5 6.4 183.6
5 6.8 183.6
5 7.2 184
5 7.6 184.4
5 8 184.4
5 8.4 184.8
5 8.8 185.2
5 9.2 185.2
5 9.6 185.2
end
start
6 9.6 185.6
6 10 185.6
6 10.4 186
6 10.8 186.4
6 11.2 186.4
6 11.6 186.8
6 12 186.8
6 12.4 187.2
end
start
7 12.8 82.8
7 13.2 82.8
7 13.6 81.2
7 14 80.8
7 14.4 80.4
7 14.8 80
7 15.2 79.6
end
start
8 14 96
8 14.4 97.2
8 14.8 98.4
8 15.2 99.6
8 15.6 100.4
8 16 101.6
8 16.4 102
end
start
9 16.4 102.4
9 16.8 103.2
9 17.2 104
9 17.6 104.4
9 18 105.2
9 18.4 105.6
9 18.8 106.4
end
start
10 13.2 179.2
10 13.6 179.2
10 14 179.6
10 14.4 179.6
10 14.8 180
10 15.2 180.4
10 15.6 180.4
10 16 180.8
10 16.4 181.2
10 16.8 181.2
10 17.2 181.6
10 17.6 182
10 18 182
10 18.4 182.4
10 18.8 182.8
end
start
11 12.8 187.6
11 13.2 187.6
11 13.6 188
11 14 188.4
11 14.4 188.4
11 14.8 188.8
11 15.2 189.2
11 15.6 189.2
11 16 189.6
11 16.4 191.6
11 16.8 190
11 17.2 190
11 17.6 190.4
11 18 190.4
11 18.4 190
11 18.8 190.4
end
start
12 20.4 55.6
12 20.8 56.4
12 21.2 56
12 21.6 55.6
12 22 55.6
12 22.4 55.2
12 22.8 54.8
12 23.2 54.8
12 24.8 52.8
12 25.2 53.2
end
start
13 20.4 108.8
13 20.8 109.6
13 21.2 110
13 21.6 110.8
13 22 111.2
13 22.4 112
13 22.8 112.4
13 23.2 112.8
13 23.6 113.6
13 24 114
13 24.4 114.4
13 24.8 114.8
13 25.2 114.8
end
start
14 19.2 182.8
14 19.6 183.2
14 20 183.6
14 20.4 184
14 20.8 184.4
14 21.2 184.4
14 21.6 184.8
14 22 184.8
14 22.4 185.2
14 24 185.2
14 24.4 185.2
14 24.8 185.2
14 25.2 184.8
end
start
15 19.2 190
15 19.6 189.6
15 20 189.2
15 20.4 189.2
15 20.8 188.8
15 21.2 188.4
15 21.6 188
15 22 187.6
15 22.4 187.2
15 22.8 186.8
15 23.2 186.4
15 23.6 186
15 24 185.6
end
start
16 29.2 50.8
16 29.6 50.8
16 30 50.4
16 30.4 50
16 30.8 49.6
end
start
17 25.6 52.8
17 26 52.8
17 26.4 52.8
17 26.8 52.4
17 27.2 52.4
17 27.6 52
17 28 52
17 28.4 51.6
17 28.8 51.6
17 29.2 51.2
end
start
18 27.6 102
18 28 101.6
18 28.4 100.8
18 28.8 100
18 29.2 99.2
18 29.6 102
18 30 101.2
18 30.4 100.4
18 30.8 99.6
18 31.2 98.8
18 31.6 98
end
start
19 27.2 108.4
19 27.6 107.2
19 28 106.4
19 28.4 105.6
19 28.8 104.4
19 29.2 103.2
19 29.6 102.4
end
start
20 25.6 117.2
20 26 117.6
20 26.4 118
20 26.8 118.4
20 27.2 118.8
20 27.6 119.2
20 28 119.2
20 28.4 119.6
20 28.8 120
20 29.2 120.4
20 29.6 120.8
20 30 120.8
20 30.4 121.2
20 30.8 121.2
end
start
21 25.6 184.4
21 26 184.4
21 26.4 184
21 26.8 183.6
21 27.2 183.2
21 27.6 182.8
21 28 182.8
21 28.4 182.4
21 28.8 182
21 29.2 181.6
21 29.6 181.6
21 30 181.2
21 30.4 180.8
21 30.8 180.4
21 31.2 180.4
21 31.6 180
end
start
22 34.8 89.2
22 35.2 89.2
22 35.6 88.4
22 36 88
22 36.4 87.6
22 36.8 89.2
22 37.2 89.2
22 37.6 88.4
22 38 88
end
start
23 32 94
23 32.4 93.6
23 32.8 95.6
23 33.2 95.2
23 33.6 94.4
23 34 94
23 34.4 93.2
23 34.8 92.8
23 35.2 92
23 35.6 91.2
23 36 90.8
23 36.4 90.4
23 36.8 89.6
end
start
24 32 122.4
24 32.4 122.8
24 32.8 123.2
24 33.2 123.6
24 33.6 124
24 34 124.4
24 34.4 124.8
24 34.8 125.6
24 35.2 126.4
24 35.6 126.8
24 36 127.2
24 36.4 127.6
24 36.8 127.6
end
start
25 32.8 178.8
25 33.2 178.8
25 33.6 178.8
25 34 178.4
25 34.4 178
25 34.8 178
25 35.2 177.6
25 35.6 177.2
25 36 177.2
25 36.4 176.8
25 36.8 176.4
25 37.2 176.4
25 37.6 176
25 38 175.6
end
start
26 38.4 44.4
26 38.8 44.4
26 39.2 43.6
26 39.6 43.6
26 40 43.6
26 40.4 43.6
26 40.8 43.6
26 41.2 43.2
26 41.6 43.2
26 42 42.8
26 42.4 42.8
26 42.8 42.8
26 43.2 42.4
26 43.6 42.4
26 44 42.4
26 44.4 42
end
start
27 40.8 82.8
27 41.2 82.8
27 41.6 82.4
27 42 81.6
27 42.4 81.2
27 42.8 80.4
27 43.2 80
27 43.6 79.2
27 44 78.8
27 44.4 78.4
end
start
28 38.4 87.2
28 38.8 86.4
28 39.2 85.6
28 39.6 85.2
28 40 84.8
28 40.4 84
28 40.8 83.2
end
start
29 38.4 129.2
29 38.8 129.6
29 39.2 129.6
29 39.6 130
29 40 130.4
29 40.4 130.8
29 40.8 131.2
29 41.2 131.2
29 41.6 131.6
29 42 131.6
29 42.4 132
29 42.8 132
29 43.2 132
29 43.6 132.4
29 44 132.4
29 44.4 132.8
end
start
30 40.4 166
30 40.8 164.8
30 41.2 163.6
30 41.6 163.2
30 42 166
30 42.4 165.2
30 42.8 164.4
30 43.2 163.6
30 43.6 166
30 44 165.2
30 44.4 164.4
end
start
31 40.4 168
31 40.8 171.2
31 41.2 172
31 41.6 172.4
31 42 172.4
31 42.4 172.4
31 42.8 168.4
31 43.2 167.2
31 43.6 166.4
end
start
32 38.4 175.2
32 38.8 175.2
32 39.2 174.8
32 39.6 174.8
32 40 174.4
32 40.4 174
32 40.8 174
32 41.2 173.6
32 42.4 172.8
32 42.8 172.8
32 43.2 173.2
32 43.6 173.2
32 44 173.6
32 44.4 173.6
end
start
33 44.8 42
33 45.2 41.6
33 45.6 41.6
33 46 42.4
33 46.4 42
33 46.8 42
33 47.2 41.6
33 47.6 41.2
33 48 40.8
33 48.4 42.4
33 48.8 42.4
33 49.2 42
33 49.6 42
33 50 42
33 50.4 41.2
33 50.8 41.2
end
start
34 45.2 76.4
34 45.6 76.4
34 46 76
34 46.4 75.6
34 46.8 75.2
34 47.2 74.8
34 47.6 74
34 48 73.6
34 48.4 73.2
34 48.8 72.8
34 49.2 72.4
34 49.6 71.6
34 50 71.2
34 50.4 70.8
34 50.8 70.4
end
start
35 48.4 120.8
35 48.8 120.4
35 49.2 119.6
35 49.6 118.8
35 50 118.4
35 50.4 118
35 50.8 117.2
end
start
36 44.8 133.2
36 45.2 133.2
36 45.6 133.6
36 46 134
36 46.4 134
36 46.8 134
end
start
37 46.8 134.4
37 47.2 134.4
37 47.6 134.8
37 48 135.2
37 48.4 135.6
37 48.8 136
37 49.2 136.4
37 49.6 137.2
37 50 137.6
37 50.4 138
37 50.8 138
end
start
38 48.4 153.2
38 48.8 153.2
38 49.2 152.4
38 49.6 152
38 50 151.2
38 50.4 153.2
38 50.8 152.8
end
start
39 44.8 158.8
39 45.2 158.4
39 45.6 157.6
39 46 159.6
39 46.4 159.2
39 46.8 158.8
39 47.2 158.4
39 47.6 159.6
39 48 159.6
39 48.4 159.2
39 48.8 158.4
39 49.2 158
39 49.6 157.6
39 50 156.8
39 50.4 156.4
39 50.8 156
end
start
40 44.8 164
40 45.2 163.2
40 45.6 162.8
40 46 162.4
40 46.4 161.6
40 46.8 161.2
40 47.2 160.8
40 47.6 160
end
start
41 44.8 173.6
41 45.2 174
41 45.6 174
41 46 174
41 46.4 174
41 46.8 174
41 47.2 174
41 47.6 174
41 48 174
41 48.4 174
41 48.8 174
41 49.2 174
41 49.6 174
41 50 174
41 50.4 174
41 50.8 174
end
start
42 53.2 38
42 53.6 38
42 54 38
42 54.4 38
42 54.8 38
42 55.2 37.6
42 55.6 37.6
42 56 37.6
42 56.4 37.6
42 56.8 37.6
42 57.2 37.6
end
start
43 51.2 41.2
43 51.6 40.8
43 52 40.8
43 52.4 40.8
43 52.8 40.4
43 53.2 40.4
43 53.6 40
43 54 40
43 54.4 39.6
43 54.8 39.6
43 55.2 39.6
43 55.6 39.6
43 56 39.6
43 56.4 39.2
43 56.8 39.2
43 57.2 39.2
end
start
44 51.2 70
44 51.6 69.6
44 52 69.2
44 52.4 68.4
44 52.8 68
44 53.2 67.6
44 53.6 67.2
44 54 66.4
44 54.4 66
44 54.8 65.6
44 55.2 65.2
44 55.6 64.8
44 56 64.4
44 56.4 64
44 56.8 64
end
start
45 53.6 75.6
45 54 75.2
45 54.4 74.4
45 54.8 73.6
45 55.2 73.6
45 55.6 73.2
45 56 72.8
45 56.4 72.4
45 56.8 71.6
45 57.2 71.2
end
start
46 52.8 114.8
46 53.2 114.4
46 53.6 114
46 54 111.6
46 54.4 110.8
46 54.8 110.4
46 55.2 110
end
start
47 51.2 116.8
47 51.6 116.4
47 52 116
47 52.4 115.6
47 52.8 115.2
end
start
48 51.2 138.4
48 51.6 138.4
48 52 138.8
48 52.4 138.8
48 52.8 138.8
48 53.2 139.2
48 53.6 139.6
48 54 139.6
48 54.4 140
48 54.8 140
48 55.2 140.4
48 56.8 138.8
48 57.2 140.4
end
start
49 52 146.8
49 52.4 146.8
49 52.8 146
49 53.2 145.6
49 53.6 144.8
49 54 146.8
49 54.4 146
49 54.8 145.2
49 55.2 144.8
49 55.6 144
49 56 143.6
49 56.4 146.8
49 56.8 145.6
49 57.2 145.6
end
start
50 51.2 152
50 51.6 151.6
50 52 150.4
50 52.4 153.2
50 52.8 152.8
50 53.2 152.4
50 53.6 152
50 54 151.2
50 54.4 150.8
50 54.8 149.6
50 55.2 148.8
50 55.6 148.4
50 56 148
50 56.4 147.2
end
start
51 51.2 174
51 51.6 174
51 52 173.6
51 52.4 173.6
51 52.8 173.6
51 53.2 173.6
51 53.6 173.6
51 54 173.6
51 54.4 173.2
51 54.8 173.2
51 55.2 173.2
51 55.6 173.2
51 56 172.8
51 56.4 172.8
51 56.8 172.8
51 57.2 172.8
end
start
52 55.6 191.6
52 56 191.6
52 56.4 191.2
52 56.8 191.2
52 57.2 190.8
end
start
53 57.6 37.2
53 58 37.2
53 58.4 37.2
53 58.8 37.2
53 59.2 37.2
53 59.6 37.2
53 60 37.2
53 60.4 37.2
53 60.8 37.2
53 61.2 37.2
53 61.6 37.2
53 62 37.2
53 62.4 36.8
53 62.8 36.8
53 63.2 36.8
53 63.6 36.8
end
start
54 57.6 38.8
54 58 38.8
54 58.4 38.8
54 58.8 38.8
54 59.2 38.8
54 59.6 38.8
54 60 38.8
54 60.4 38.8
54 60.8 38.8
54 61.2 38.8
54 61.6 38.8
54 62 38.8
54 62.4 38.4
54 62.8 38.4
54 63.2 38.4
54 63.6 38.4
end
start
55 57.6 62.8
55 58 62.8
55 58.4 62.4
55 58.8 62
55 59.2 61.6
55 59.6 60.8
55 60 60.4
55 60.4 60
55 60.8 59.6
55 61.2 59.2
55 61.6 58.8
55 62 58.4
55 62.4 58
55 62.8 57.6
55 63.6 63.6
end
start
56 58 70
56 58.4 70
56 58.8 69.6
56 59.2 69.2
56 59.6 68.8
56 60 68.4
56 60.4 67.6
56 60.8 67.2
56 61.2 66.8
56 61.6 66.4
56 62 66
56 62.4 65.6
56 62.8 65.2
56 63.2 64.8
56 63.6 64
end
start
57 59.2 134
57 59.6 134
57 60 133.2
57 60.4 132.8
57 60.8 134
57 61.2 133.6
57 61.6 133.2
57 62 132.4
57 62.4 134
57 62.8 134
57 63.2 133.2
57 63.6 132.4
end
start
58 57.6 140
58 58 139.2
58 58.4 138.8
58 58.8 138
58 59.2 137.6
58 59.6 136.8
58 60 136
58 60.4 135.2
58 60.8 134.4
end
start
59 57.6 165.2
59 58 165.2
59 58.4 165.2
59 58.8 165.6
59 59.2 165.6
59 59.6 165.6
59 60 161.6
59 60.4 161.2
59 60.8 166
59 61.2 166
59 61.6 165.6
59 62 165.2
59 62.4 164.8
59 62.8 166
59 63.2 166
59 63.6 165.2
end
start
60 57.6 172.4
60 58 172.4
60 58.4 172.4
60 58.8 172
60 59.2 172
60 59.6 172
60 60 171.6
60 60.4 171.6
60 60.8 171.6
60 61.2 171.2
60 61.6 171.2
60 62 170.8
60 62.4 170.8
60 62.8 170.8
60 63.2 170.4
60 63.6 170.4
end
start
61 57.6 190.4
61 58 190.4
61 58.4 190
61 58.8 190
61 59.2 189.6
61 59.6 189.6
61 60 189.2
61 60.4 189.2
61 60.8 188.8
61 61.2 188.4
61 61.6 188
61 62 188
61 62.4 187.6
61 62.8 187.6
61 63.2 187.2
61 63.6 187.2
end
start
62 64 36.8
62 64.4 36.8
62 64.8 36.8
62 65.2 36.8
62 65.6 36.8
62 66 36.8
62 66.4 36.8
62 66.8 36.8
62 67.2 36.8
62 67.6 36.8
62 68 36.4
62 68.4 36.8
62 68.8 36.8
62 69.2 36.8
62 69.6 36.8
62 70 36.8
end
start
63 64 38.4
63 64.4 38.4
63 64.8 38.4
63 65.2 38.4
63 65.6 38.4
63 66 38.4
63 66.4 38.4
63 66.8 38.4
63 67.2 38.4
63 67.6 41.2
63 68 41.2
63 68.4 41.2
63 68.8 41.6
63 69.2 41.6
63 69.6 41.6
63 70 42
end
start
64 64 48
64 64.4 48.4
64 64.8 48
64 65.2 48
64 65.6 48
64 66 48
64 66.4 48.4
64 66.8 48.4
64 67.2 48.8
64 67.6 49.6
64 68 49.6
64 68.4 50
64 68.8 49.6
64 69.2 49.6
64 69.6 49.6
64 70 49.6
end
start
65 64 56.4
65 64.4 56
65 64.8 55.2
65 65.2 54.8
65 65.6 54.4
65 66 54
65 66.4 53.6
65 66.8 53.2
65 67.2 52.8
65 67.6 52.4
65 68 52.4
65 68.4 52
65 68.8 51.6
65 70 57.2
end
start
66 64 63.6
66 64.4 63.2
66 64.8 62.8
66 65.2 62.4
66 65.6 62
66 66 61.2
66 66.4 60.8
66 66.8 60.8
66 67.2 60.4
66 67.6 60
66 68 59.6
66 68.4 59.2
66 68.8 58.8
66 69.2 58.4
66 69.6 58
66 70 57.6
end
start
67 67.6 82.8
67 68 82.4
67 68.4 81.6
67 68.8 81.2
67 69.2 82.8
67 69.6 82.8
67 70 82
end
start
68 66.8 87.6
68 67.2 88.8
68 67.6 89.2
68 68.4 86
68 68.8 87.6
68 69.2 83.6
68 70 89.2
end
start
69 65.2 93.2
69 65.6 95.2
69 66 95.6
69 66.4 91.6
69 66.8 91.6
69 67.2 95.2
69 67.6 95.6
69 68 92.8
69 68.4 92.8
69 68.8 92.8
69 69.2 92.4
69 69.6 92.4
69 70 92.4
end
start
70 66 96
70 66.4 96.8
70 66.8 97.2
70 67.2 97.6
70 67.6 98
70 68 98.8
70 68.4 101.6
70 68.8 102
70 69.2 96.4
70 69.6 96.4
70 70 102
end
start
71 67.2 105.6
71 67.6 107.2
71 68 108
71 68.4 108.4
71 68.8 102.4
71 69.2 103.2
71 69.6 108.4
71 70 108
end
start
72 67.6 114.4
72 68 114.8
72 68.4 112
72 68.8 111.6
72 69.2 111.2
72 69.6 112.8
72 70 114.4
end
start
73 67.2 121.2
73 67.6 120.8
73 68 120
73 68.4 119.6
73 68.8 121.2
73 69.2 120.8
73 69.6 120.4
73 70 119.2
end
start
74 64 126.4
74 64.4 127.6
74 64.8 127.6
74 65.2 124.4
74 65.6 126
74 66 127.6
74 66.4 127.2
74 66.8 127.2
74 67.2 126.4
74 67.6 126
74 68 124.8
74 68.4 124.4
74 68.8 124
74 69.2 123.6
74 69.6 123.2
74 70 122.4
end
start
75 64 131.6
75 64.4 130.8
75 64.8 130.4
75 65.2 130
75 65.6 129.6
75 66 129.2
end
start
76 64 159.2
76 64.4 158.8
76 64.8 158.4
76 65.2 158.4
76 65.6 158
76 66 157.6
76 66.4 157.6
76 66.8 157.2
76 67.2 157.2
76 67.6 156.8
76 68 159.6
76 68.4 159.2
76 68.8 158.4
76 69.2 157.6
76 69.6 155.2
76 70 154.4
end
start
77 64 164.4
77 64.4 162.4
77 64.8 166
77 65.2 165.2
77 65.6 164.4
77 66 164
77 66.4 163.2
77 66.8 162.4
77 67.2 166
77 67.6 166
77 68 165.6
77 68.4 165.2
77 68.8 164.8
77 69.2 164.8
77 69.6 164.4
77 70 164
end
start
78 64 170.4
78 64.4 170
78 64.8 170
78 65.2 169.6
78 65.6 169.6
78 66 169.6
78 66.4 169.2
78 66.8 169.2
78 67.2 168.8
78 67.6 168.8
78 68 168.8
78 68.4 168.4
78 68.8 168.4
78 69.2 168
78 69.6 167.6
78 70 167.6
end
start
79 66.8 185.2
79 67.2 185.2
79 67.6 185.2
79 68 184.8
79 68.4 184.8
79 68.8 184.4
79 69.2 184
79 69.6 184
79 70 183.6
end
start
80 64 186.8
80 64.4 186.8
80 64.8 186.4
80 65.2 186.4
80 65.6 186
80 66 186
80 66.4 185.6
80 66.8 185.6
end
start
81 70.4 36.8
81 70.8 36.8
81 71.2 36.8
81 71.6 36.8
81 72 36.8
81 72.4 37.2
81 72.8 37.2
81 73.2 37.2
81 73.6 37.2
81 74 37.6
81 74.4 37.6
81 74.8 37.6
81 75.2 37.6
81 75.6 37.6
81 76 38
81 76.4 38
end
start
82 70.4 42
82 70.8 42.4
82 71.2 42.4
82 71.6 42.4
82 72 42.8
82 72.4 43.2
82 72.8 43.6
82 73.2 43.6
82 73.6 43.2
82 74 43.2
82 74.4 43.2
82 74.8 43.2
82 75.2 43.6
82 75.6 43.6
82 76 44.4
82 76.4 44
end
start
83 70.4 50.8
83 70.8 50.8
83 71.2 50
83 71.6 49.6
83 72 49.6
83 72.4 48.8
83 72.8 48
end
start
84 70.4 57.2
84 70.8 56.8
84 71.2 56.4
84 71.6 56
84 72 55.6
84 72.4 55.2
84 72.8 54.8
84 73.2 54.8
84 74.4 53.2
84 74.8 52.8
84 75.2 52.8
84 75.6 52.4
84 76 52
84 76.4 51.6
end
start
85 73.6 76.4
85 74 76.4
85 74.4 76
85 74.8 75.6
85 75.2 75.2
85 75.6 75.2
85 76 74.8
85 76.4 76.4
end
start
86 70.4 81.2
86 70.8 81.2
86 71.2 82.8
86 71.6 82.8
86 72 82.4
86 72.4 82
86 72.8 82
86 73.2 81.6
86 73.6 81.2
86 74 81.2
86 74.4 82.8
86 74.8 81.2
86 75.2 82.8
86 75.6 82
86 76 80.4
86 76.4 80
end
start
87 70.4 84.8
87 70.8 84
87 71.2 83.6
87 71.6 89.2
87 72 87.6
87 72.4 87.2
87 72.8 89.2
87 73.2 89.2
87 73.6 88
87 74 87.2
87 74.4 86.4
87 74.8 83.6
end
start
88 70.4 95.6
88 70.8 95.6
88 71.2 94.8
88 71.6 89.6
88 72.4 95.6
88 72.8 90
88 73.6 94
88 74 93.6
88 74.4 93.6
88 74.8 92.8
88 75.2 92.8
88 75.6 92.4
88 76 92
88 76.4 91.6
end
start
89 70.4 102
89 70.8 101.2
89 71.2 99.2
89 71.6 98
89 72 96.8
89 72.4 96.4
89 72.8 96
89 76 98.8
89 76.4 98.4
end
start
90 72 114.8
90 72.4 114.4
90 72.8 114
90 73.2 113.6
90 73.6 114.8
90 74 114.4
90 74.4 114
90 74.8 113.6
90 75.2 114.8
90 75.6 114.8
90 76 114.4
90 76.4 114
end
start
91 70.4 121.2
91 70.8 120.8
91 71.2 120.4
91 71.6 120
91 72 119.2
91 72.4 118.8
91 72.8 118.4
91 73.2 117.6
91 73.6 117.2
91 74 116.8
91 74.4 116.4
91 74.8 116
91 75.2 115.2
end
start
92 73.2 146.8
92 73.6 146.8
92 74 146.4
92 74.4 145.2
92 74.8 144.4
92 75.2 144
92 75.6 143.2
92 76 145.6
92 76.4 146
end
start
93 70.4 153.2
93 70.8 152.4
93 71.2 151.6
93 71.6 150.8
93 72 150
93 72.4 148.8
93 72.8 148
93 73.2 147.6
93 74.8 147.6
93 75.2 153.2
93 75.6 152.8
93 76 151.6
93 76.4 149.6
end
start
94 70.4 153.6
94 72.8 159.6
94 73.2 159.2
94 73.6 158.4
94 74 156.8
94 74.4 155.6
94 74.8 154.8
94 75.2 154
end
start
95 70.4 163.6
95 70.8 162.8
95 71.2 162.4
95 71.6 166
95 72 166
95 72.4 165.2
95 72.8 164.8
95 73.2 164
95 73.6 163.6
95 74 163.2
95 74.4 163.2
95 74.8 162.8
95 75.2 162.4
95 75.6 162
95 76 161.2
95 76.4 160.8
end
start
96 70.4 183.6
96 70.8 183.2
96 71.2 183.2
96 71.6 182.8
96 72 182.8
96 72.4 182.8
96 72.8 182.4
96 73.2 182.4
96 73.6 182
96 74 182
96 74.4 181.6
96 74.8 181.6
96 75.2 181.2
96 75.6 181.2
96 76 180.8
96 76.4 180.8
end
start
97 76.8 38.4
97 77.2 44.4
97 77.6 44.4
97 78 38.8
97 78.4 38.8
97 78.8 38.8
97 79.2 39.2
97 79.6 44.4
97 80 44.4
97 80.4 44
97 80.8 44
97 81.2 44.4
97 81.6 44.4
97 82 40.8
97 82.4 43.6
97 82.8 43.2
end
start
98 77.2 50.8
98 77.6 50.8
98 78 50.8
98 78.4 50.4
98 78.8 50
98 79.2 50
98 79.6 49.6
98 80 49.6
98 80.4 49.2
98 80.8 49.2
98 81.2 48.8
98 81.6 48.8
98 82 48.4
98 82.4 48.4
98 82.8 48.4
end
start
99 77.6 69.2
99 78 70
99 80.8 70
99 81.2 69.6
99 81.6 68
99 82.8 65.2
end
start
100 76.8 74.8
100 77.2 74.8
100 77.6 75.2
100 78 75.2
100 78.4 75.2
100 78.8 76.4
100 79.2 75.6
100 79.6 75.6
100 80 75.2
100 80.4 73.2
100 80.8 72.8
end
start
101 76.8 79.2
101 77.2 78.8
101 77.6 78.4
101 78 78
101 78.4 77.6
101 78.8 76.8
end
start
102 76.8 91.2
102 77.2 91.2
102 77.6 90.8
102 78 90.8
102 78.4 90.4
102 78.8 90.4
102 79.2 95.6
102 79.6 95.6
102 80 95.2
end
start
103 76.8 98.4
103 77.2 102
103 77.6 102
103 78 101.6
103 78.4 101.2
103 78.8 100.8
103 79.2 102
103 79.6 102
103 80 101.6
103 80.4 101.6
103 80.8 101.2
103 81.2 100.8
103 81.6 102
103 82 100.4
103 82.4 100.4
103 82.8 100.4
end
start
104 76.8 102.8
104 77.2 108.4
104 77.6 108.4
104 78 108
104 78.4 107.2
104 78.8 108.4
104 79.2 108
104 79.6 107.6
104 80 107.2
104 80.4 106.8
104 80.8 108.4
104 81.2 108
104 81.6 107.6
104 82 107.2
104 82.4 106.8
104 82.8 106.4
end
start
105 76.8 113.2
105 77.2 112.8
105 77.6 112.4
105 78 112
105 78.4 111.6
105 78.8 110.8
105 79.2 110.4
105 79.6 110
105 80 109.6
105 80.4 109.2
105 80.8 108.8
end
start
106 76.8 140.4
106 77.2 140.4
106 77.6 139.6
106 78 138.8
106 78.4 138
106 78.8 137.6
106 79.2 137.2
106 79.6 136.4
106 80 135.6
106 80.4 136
106 80.8 136
106 81.2 136.4
106 81.6 136.8
106 82 136.8
106 82.4 136.8
106 82.8 140.4
end
start
107 76.8 146
107 77.2 146.4
107 77.6 146.4
107 78 146.8
107 78.4 146.8
107 78.8 143.6
107 79.2 144
107 79.6 144.4
107 80 144.4
107 80.4 143.2
107 80.8 143.6
107 81.2 144
107 81.6 144
107 82 144
107 82.4 144.4
107 82.8 144.4
end
start
108 78.8 147.2
108 79.2 147.2
108 79.6 147.6
108 80 147.6
108 80.4 148
108 80.8 148
108 81.2 148
108 81.6 148
108 82 148.4
108 82.4 153.2
108 82.8 153.2
end
start
109 77.6 159.6
109 78 159.6
109 78.4 159.2
109 78.8 158.8
109 79.2 158
109 79.6 157.6
109 80 157.2
109 80.4 156.4
109 80.8 156
109 81.2 155.2
109 81.6 154.8
109 82 154.4
109 82.4 153.6
end
start
110 80.8 178.8
110 81.2 178.8
110 81.6 178.8
110 82 178.4
110 82.4 178.4
110 82.8 178
end
start
111 76.8 180.4
111 77.2 180.4
111 77.6 180.4
111 78 180
111 78.4 180
111 78.8 179.6
111 79.2 179.6
111 79.6 179.6
111 80 179.2
111 80.4 179.2
end
start
112 83.2 43.2
112 83.6 43.6
112 84 43.6
112 84.4 44
112 84.8 44.4
112 85.2 44.4
112 85.6 42.4
112 86 42.4
112 86.4 42.4
112 86.8 42.4
112 87.2 42.4
112 87.6 42.4
112 88 42.4
112 88.4 42.4
112 88.8 42.4
112 89.2 42.8
end
start
113 83.2 50.8
113 83.6 50.8
113 84 50.8
113 84.4 50.4
113 84.8 50
113 85.2 50
113 85.6 49.6
113 86 49.2
113 86.4 48.8
113 86.8 48.4
113 87.2 48
113 87.6 47.6
113 88 47.2
113 88.4 47.2
113 88.8 46.8
113 89.2 46.8
end
start
114 83.2 66.4
114 83.6 70
114 84 69.6
114 84.4 68.8
114 85.6 66
114 86 66.4
114 86.4 66.4
114 86.8 64.4
114 87.2 64.4
114 87.6 64.4
114 88 64.8
114 88.4 64.8
114 88.8 64.4
114 89.2 64.4
end
start
115 86 85.6
115 86.4 86
115 86.8 86.4
115 87.2 86.4
115 87.6 86.8
115 88 87.2
115 88.4 87.6
115 88.8 87.6
115 89.2 87.6
end
start
116 83.2 100.4
116 83.6 100
116 84 100.4
116 84.4 100.4
116 84.8 100
116 85.2 99.6
116 85.6 99.2
116 86 98.8
116 86.4 102
116 86.8 102
116 87.2 101.6
116 87.6 100.8
116 88 101.2
116 88.4 101.2
116 88.8 101.2
116 89.2 101.6
end
start
117 83.2 106
117 83.6 105.6
117 84 104.8
117 84.4 106.4
117 84.8 106.4
117 85.2 106.4
117 85.6 106.4
117 86 106
117 86.4 104.4
117 86.8 104
117 87.2 104
117 87.6 104
117 88 104
117 88.4 104
117 88.8 103.2
117 89.2 103.2
end
start
118 87.6 121.2
118 88 120.8
118 88.4 120.4
118 88.8 119.6
118 89.2 119.2
end
start
119 84 127.6
119 84.4 126.8
119 84.8 126.4
119 85.2 126
119 85.6 125.6
119 86 124.8
119 86.4 124.4
119 86.8 123.6
119 87.2 122.8
119 87.6 122
end
start
120 83.2 140.4
120 83.6 137.2
120 84 137.6
120 84.4 138
120 84.8 137.6
120 85.2 138
120 85.6 138
120 86 138.4
120 86.4 138.4
120 86.8 138.4
120 87.2 138.4
120 87.6 138.8
120 88 138.8
120 88.4 138.8
120 88.8 138.8
120 89.2 138.8
end
start
121 83.2 144.8
121 83.6 145.2
121 84 145.6
121 84.4 145.6
121 84.8 146
121 85.2 146.4
121 85.6 146.4
121 86 146.4
121 86.4 146.8
121 86.8 146.8
121 87.2 146.8
121 87.6 144.4
end
start
122 83.2 152.4
122 83.6 152
122 84 151.2
122 84.4 150.8
122 84.8 152
122 85.2 152.4
122 85.6 152
122 86 152
122 86.4 151.6
122 86.8 151.6
122 87.2 151.6
122 87.6 151.6
122 88 151.2
122 88.4 151.2
122 88.8 151.2
122 89.2 151.2
end
start
123 83.2 178
123 83.6 177.6
123 84 177.6
123 84.4 177.2
123 84.8 177.2
123 85.2 177.2
123 85.6 177.2
123 86 176.8
123 86.4 176.4
123 86.8 176.4
123 87.2 176
123 87.6 176
123 88 175.6
123 88.4 175.6
123 88.8 175.6
123 89.2 175.2
end
start
124 90.8 34
124 91.2 34.8
124 91.6 34.8
124 92 34.8
124 92.4 34.8
124 92.8 34.4
124 93.2 34
end
start
125 89.6 42.8
125 90 42.8
125 90.4 43.2
125 90.8 43.2
125 91.2 43.2
125 91.6 43.6
125 92 44
125 92.4 44
125 92.8 44.4
125 93.2 44.4
125 93.6 44.4
end
start
126 89.6 46.4
126 90 46.4
126 90.4 46.4
126 90.8 46
126 91.2 46
126 91.6 46
126 92 46
126 92.4 46
126 92.8 46
126 93.2 46
126 93.6 46.4
126 94 46.4
126 94.4 46.8
126 94.8 46.4
126 95.2 46.4
126 95.6 46.4
end
start
127 91.6 57.2
127 92 57.2
127 93.6 57.2
127 94 57.2
127 95.6 57.2
end
start
128 90 63.6
128 90.4 62.8
128 90.8 62.4
128 91.2 61.2
128 92.4 62.4
128 92.8 62
128 93.2 61.2
128 93.6 60.8
128 94 60.4
128 94.4 62.8
128 94.8 62.8
128 95.2 63.2
128 95.6 63.2
end
start
129 89.6 87.6
129 90 87.6
129 90.4 87.6
129 90.8 87.6
129 91.2 88
129 91.6 88
129 92 88
129 92.4 88
129 92.8 88.4
129 93.2 88.4
129 93.6 88.4
129 94 88.4
129 94.4 88.8
129 94.8 89.2
129 95.2 87.6
129 95.6 88
end
start
130 89.6 95.2
130 90 94.8
130 90.4 94.4
130 90.8 94
130 91.2 93.6
130 91.6 93.2
130 92 92.8
130 92.4 95.6
130 92.8 95.6
130 93.2 95.2
130 93.6 94.8
130 94 94.4
130 94.4 94
130 94.8 93.6
130 95.2 93.6
130 95.6 93.2
end
start
131 89.6 101.6
131 90 102
131 90.4 102
131 90.8 102
131 91.2 102
131 91.6 102
131 92 102
131 92.4 102
131 92.8 102
131 93.2 102
131 93.6 102
131 94 102
131 94.4 102
131 94.8 102
131 95.2 102
131 95.6 97.6
end
start
132 89.6 104
132 90 104.4
132 90.4 103.6
132 90.8 103.6
132 91.2 103.6
132 91.6 103.2
132 92 108.4
132 92.4 108.4
132 92.8 108
132 93.2 108
132 93.6 108
132 94 107.6
132 94.4 107.6
132 94.8 107.2
132 95.2 106.8
132 95.6 106.4
end
start
133 89.6 139.2
133 90 139.2
133 90.4 139.6
133 90.8 139.6
133 91.2 139.6
133 91.6 139.6
133 92 139.6
133 92.4 139.6
133 92.8 140
133 93.2 140
133 93.6 140
133 94 140.4
133 94.4 140.4
133 94.8 140.4
133 95.2 140.4
133 95.6 140.4
end
start
134 89.6 151.2
134 90 151.2
134 90.4 151.2
134 90.8 151.2
134 91.2 151.2
134 91.6 151.2
134 92 151.2
134 92.4 151.2
134 92.8 151.6
134 93.2 151.6
134 93.6 151.6
134 94 151.6
134 94.4 151.6
134 94.8 151.6
134 95.2 151.6
134 95.6 151.6
end
start
135 89.6 175.2
135 90 174.8
135 90.4 174.8
135 90.8 174.8
135 91.2 174.4
135 91.6 174.4
135 92 174.4
135 92.4 174
135 92.8 174
135 93.2 173.6
135 93.6 173.6
135 94 173.2
135 94.4 173.2
135 94.8 172.8
135 95.2 172.8
135 95.6 172.8
end
start
136 97.2 44.4
136 97.6 44.4
136 98 44
136 98.4 44.4
136 98.8 44
136 99.6 44.4
136 100 44
136 100.4 43.6
136 100.8 42.8
136 101.2 42
136 101.6 42.4
136 102 42.4
end
start
137 96 46
137 96.8 45.2
137 97.2 44.8
137 97.6 46.4
137 98 48
137 98.4 48.4
137 98.8 48
137 99.2 48
137 99.6 47.2
137 100 49.6
137 100.4 50.4
137 100.8 50.4
137 101.2 48
137 101.6 50.8
137 102 49.6
end
start
138 96 56.8
138 96.4 56
138 97.2 56.4
138 97.6 56.4
138 98 56
138 98.4 56
138 98.8 55.6
138 99.2 55.2
138 99.6 54.8
138 100 54.8
138 100.4 54.4
138 100.8 54
138 101.2 52.4
end
start
139 96 62.8
139 96.4 62.8
139 96.8 62.8
139 97.2 62.8
139 97.6 63.2
139 98 63.2
139 98.4 63.2
139 98.8 63.2
139 99.2 63.2
139 99.6 63.2
139 100 63.2
139 100.4 62.8
139 100.8 62.8
139 101.2 63.2
139 101.6 63.2
139 102 63.2
end
start
140 96 89.2
140 96.4 88.4
140 96.8 88.4
140 97.2 88.4
140 97.6 88
140 98 88
140 98.4 87.6
140 98.8 87.2
140 99.2 86.8
140 99.6 89.2
140 100 89.2
140 100.4 89.2
140 100.8 88.8
140 101.2 88.4
140 101.6 88
140 102 88
end
start
141 96 92.8
141 96.4 92.4
141 96.8 92
141 97.2 91.6
141 97.6 91.2
141 98 91.2
141 98.4 90.8
141 98.8 90.4
141 99.2 95.2
141 99.6 95.2
141 100 94.8
141 100.4 94.4
141 100.8 94.4
141 101.2 94.4
141 101.6 94
141 102 94
end
start
142 96 97.6
142 96.4 97.6
142 96.8 98
142 97.2 98
142 97.6 98
142 98 98
142 98.4 98
142 98.8 98
142 99.2 97.6
142 99.6 97.6
142 100 102
142 100.4 102
142 100.8 101.6
142 101.2 101.2
142 101.6 100.4
142 102 100
end
start
143 96 106
143 96.4 105.6
143 96.8 103.6
143 98.4 106
143 98.8 108
143 99.2 108.4
143 99.6 103.2
143 100 102.8
143 100.4 105.6
143 100.8 106.8
143 101.2 108
143 101.6 108.4
end
start
144 99.2 109.6
144 99.6 110.8
144 100 112.4
144 100.4 113.6
144 100.8 114.8
144 101.6 110
144 102 111.2
end
start
145 96 140.4
145 96.4 140.4
145 99.2 140.4
145 99.6 140.4
145 100 140
145 100.4 139.2
145 100.8 138
145 101.2 136.4
145 101.6 135.2
145 102 134.4
end
start
146 96.8 140.8
146 97.2 140.8
146 97.6 140.8
146 98 140.8
146 98.4 141.2
146 98.8 141.6
146 99.2 140.8
end
start
147 96 151.6
147 96.4 152
147 96.8 152
147 97.2 152
147 97.6 152
147 98 152
147 98.4 152
147 98.8 152
147 99.2 152
147 99.6 152.4
147 100 152.4
147 100.4 152.4
147 100.8 152.8
147 101.2 152.8
147 101.6 153.2
147 102 153.2
end
start
148 96 172.4
148 96.4 172.4
148 96.8 172
148 97.2 172
148 97.6 172
148 98 171.6
148 98.4 171.6
148 98.8 171.2
148 99.2 171.2
148 99.6 171.2
148 100 170.8
148 100.4 170.8
148 100.8 170.8
148 101.2 170.8
148 101.6 170.4
148 102 170.4
end
start
149 102.8 38
149 103.2 38
149 103.6 37.6
149 104 37.2
149 104.4 36.4
149 104.8 36
149 106 34.4
149 106.4 34.8
149 106.8 35.2
149 107.2 35.2
149 107.6 35.2
149 108 34.8
149 108.4 34.4
end
start
150 102.4 42.8
150 102.8 42.8
150 103.2 42.8
150 103.6 43.2
150 104 44.4
150 106 44.4
150 106.4 43.2
150 106.8 43.2
150 107.2 43.2
150 107.6 43.2
150 108 43.2
150 108.4 43.2
end
start
151 102.4 49.2
151 102.8 49.6
151 103.2 49.6
151 103.6 49.6
151 104 50
151 104.4 50
151 104.8 49.6
151 105.2 47.6
151 105.6 46.8
151 106 50.8
151 106.4 50.8
151 106.8 50
151 107.2 49.6
151 107.6 49.2
151 108 48.8
151 108.4 48.4
end
start
152 105.6 52
152 106 51.6
152 107.6 55.2
152 108 55.2
152 108.4 55.6
end
start
153 102.4 63.2
153 102.8 63.6
153 103.2 63.6
153 103.6 63.6
153 104 62.4
153 104.4 62.8
153 104.8 62.8
153 105.2 62.8
153 105.6 60
153 106 60
153 106.4 60
153 106.8 60
153 107.2 60
153 107.6 60
153 108 59.6
153 108.4 59.6
end
start
154 102.8 71.6
154 103.2 72
154 103.6 72
154 104 72.4
154 104.4 72.4
154 104.8 72.8
154 105.2 73.2
154 105.6 73.6
154 106 74
154 106.4 75.2
154 106.8 76
154 107.2 76.4
154 107.6 74.8
154 108 75.2
154 108.4 76
end
start
155 104.8 82.8
155 105.2 82.8
155 105.6 82.4
155 106 82.4
155 106.4 82
155 106.8 81.6
155 107.2 81.6
155 107.6 81.2
155 108 81.2
155 108.4 80.8
end
start
156 102.4 87.6
156 102.8 87.2
156 103.2 86.8
156 103.6 86.8
156 104 86.4
156 104.4 86
156 104.8 85.6
156 105.2 85.6
156 105.6 85.2
156 106 84.8
156 106.4 84.8
156 106.8 84.4
156 107.2 84
156 107.6 84
156 108 83.6
156 108.4 83.2
end
start
157 102.4 93.6
157 102.8 93.2
157 103.2 95.6
157 103.6 95.6
157 104 95.2
157 104.4 94.8
157 104.8 94.4
157 105.2 92
157 105.6 95.6
157 106 95.6
157 106.4 95.2
157 106.8 94.8
157 107.2 94.4
157 107.6 94
157 108 93.6
157 108.4 93.2
end
start
158 102.4 99.6
158 102.8 99.2
158 103.2 98.8
158 103.6 98.4
158 104 98
158 104.4 102
158 104.8 100.4
158 105.2 100
158 105.6 100
158 106 98.8
158 106.4 98.8
end
start
159 102.4 106.4
159 102.8 106.8
159 103.2 107.2
159 103.6 107.2
159 104 108.4
159 104.4 103.2
159 106.8 108.4
159 107.2 108
159 107.6 107.6
159 108 107.6
159 108.4 107.6
end
start
160 102.4 112.8
160 102.8 114
160 103.2 114.4
160 103.6 114.8
160 104 114.4
160 104.4 114
160 104.8 114
160 105.2 112.8
160 105.6 113.2
160 106 114
160 106.4 114.4
160 106.8 114.8
160 107.2 114.8
160 107.6 110.4
160 108 110.8
160 108.4 111.2
end
start
161 102.4 118
161 102.8 118.4
161 103.2 118.4
161 103.6 118.8
161 104 119.6
161 104.4 120
161 107.2 115.2
161 107.6 115.2
161 108 115.6
161 108.4 115.6
end
start
162 103.2 123.2
162 103.6 123.6
162 104 124
162 104.4 124.4
162 104.8 124.4
162 105.2 124.4
162 105.6 124.4
162 106 124.4
162 106.4 124.4
162 106.8 124.8
162 107.2 124.8
162 107.6 124.8
162 108 124.8
162 108.4 124.8
end
start
163 102.4 133.6
163 102.8 133.2
163 103.2 132.8
163 103.6 132.8
163 104.4 132.8
163 104.8 134
163 105.2 132
163 105.6 131.2
163 106 130.8
163 106.4 130.4
163 106.8 130
163 107.2 129.6
163 107.6 129.2
163 108 128.8
163 108.4 128.4
end
start
164 103.6 140.4
164 104 138.4
164 104.4 136
164 104.8 134.8
164 106.4 137.6
164 106.8 137.6
164 107.2 138
164 107.6 138.4
164 108 138.8
164 108.4 138.4
end
start
165 102.4 152.4
165 102.8 152.4
165 103.2 152.4
165 103.6 152.4
165 104 152.4
165 104.4 152.4
165 104.8 152.4
165 105.2 152.4
165 105.6 152.4
165 106 152.4
165 106.4 152.4
165 106.8 152.8
165 107.2 152.8
165 107.6 152.8
165 108 152.8
165 108.4 152.8
end
start
166 102.4 170.4
166 102.8 170
166 103.2 170
166 103.6 169.6
166 104 169.6
166 104.4 169.6
166 104.8 169.2
166 105.2 169.2
166 105.6 169.2
166 106 169.2
166 106.4 168.8
166 106.8 168.8
166 107.2 168.8
166 107.6 168.4
166 108 168.4
166 108.4 168.4
end
start
167 112.8 25.2
167 113.2 25.2
167 113.6 24.8
167 114 24.8
167 114.4 24.8
167 114.8 25.2
end
start
168 108.8 31.6
168 109.2 31.6
168 109.6 31.6
168 110 31.6
168 110.4 31.6
168 110.8 30
168 111.2 29.2
168 111.6 28
168 112 31.6
168 112.4 31.6
168 112.8 30.4
168 113.2 29.6
168 113.6 28.8
168 114 28.4
168 114.4 27.6
168 114.8 27.2
end
start
169 108.8 35.2
169 109.2 35.6
169 109.6 36
169 110 36.4
169 110.4 36.8
169 110.8 37.6
169 111.2 37.6
169 111.6 35.6
169 112 38
169 112.4 37.6
169 112.8 37.2
169 113.2 36.4
169 113.6 36
169 114 35.6
169 114.4 34.8
169 114.8 34.4
end
start
170 108.8 42.8
170 109.2 43.2
170 109.6 42.8
170 110 42.4
170 110.4 42
170 110.8 40
170 111.2 39.6
170 111.6 38.8
170 112 44.4
170 112.4 44.4
170 112.8 44
170 113.2 42.8
170 113.6 41.2
170 114 41.6
170 114.4 42
170 114.8 44.4
end
start
171 108.8 48
171 109.2 47.6
171 109.6 46.8
171 110 46.4
171 110.4 46
171 110.8 46
171 111.2 45.6
171 111.6 45.2
171 112 45.2
171 114.8 44.8
end
start
172 108.8 55.6
172 109.2 55.6
172 109.6 55.6
172 110 56.8
172 110.4 56.8
172 110.8 56.8
172 111.2 56.8
172 111.6 56.8
172 112 56.8
172 112.4 56.8
172 112.8 56.8
172 113.2 56.8
172 113.6 56.8
172 114 55.6
172 114.4 55.6
172 114.8 55.6
end
start
173 108.8 59.6
173 109.2 59.6
173 109.6 59.2
173 110 59.2
173 110.4 59.2
173 110.8 59.6
173 111.2 59.6
173 111.6 59.6
173 112 59.6
173 112.4 59.6
173 112.8 59.6
173 113.2 60.8
173 113.6 60.8
173 114 61.2
173 114.4 62
173 114.8 62
end
start
174 108.8 82.8
174 109.2 82.8
174 109.6 82.4
174 110 82.4
174 110.4 82.4
174 110.8 82
174 111.2 81.6
174 111.6 81.6
174 112 81.2
174 112.4 80.8
174 112.8 80.8
174 113.2 80.4
174 113.6 80
174 114 80
174 114.4 79.6
174 114.8 79.6
end
start
175 108.8 83.2
175 112 89.2
175 112.4 89.2
175 112.8 88.8
175 113.2 88.4
175 113.6 88
175 114 87.6
175 114.4 87.2
175 114.8 86.8
end
start
176 108.8 92.8
176 109.2 92.4
176 109.6 95.6
176 110 95.6
176 110.4 93.6
176 110.8 90.8
176 111.2 90.4
176 111.6 90
176 112 89.6
end
start
177 108.8 101.6
177 109.2 101.6
177 109.6 102
177 110 102
177 110.4 97.2
177 110.8 98
177 111.2 98.4
177 111.6 101.6
177 112 102
177 112.4 99.6
177 112.8 100.4
177 113.2 101.2
177 113.6 101.6
177 114 102
177 114.4 102
end
start
178 108.8 107.6
178 109.2 107.6
178 109.6 107.6
178 110 107.2
178 110.4 106.8
178 110.8 106.4
178 111.2 106
178 111.6 105.2
178 112.4 107.2
178 112.8 108.4
178 114.4 107.2
178 114.8 108.4
end
start
179 108.8 111.6
179 109.2 112
179 109.6 112.4
179 110 112.4
179 110.4 112.8
179 110.8 113.2
179 111.2 113.2
179 111.6 113.2
179 112 113.2
179 112.4 113.6
179 112.8 114
179 113.2 114
179 113.6 114
179 114 114.4
179 114.4 114.4
179 114.8 114.4
end
start
180 108.8 124.8
180 109.2 124.8
180 109.6 127.6
180 110 127.6
180 110.4 127.6
180 110.8 127.2
180 111.2 127.6
180 111.6 127.6
180 112 127.6
180 112.4 127.2
180 112.8 127.2
180 113.2 127.2
180 113.6 127.2
180 114 127.2
180 114.4 127.2
180 114.8 127.2
end
start
181 108.8 128
181 109.2 129.6
181 109.6 130.4
181 110 130.8
181 110.4 131.2
181 110.8 131.6
181 111.2 134
181 111.6 134
181 112 131.6
181 112.4 130.4
181 112.8 134
181 113.2 133.2
181 113.6 132.4
end
start
182 108.8 138.8
182 109.2 138.4
182 109.6 138.4
182 110 138.4
182 110.4 138.4
182 110.8 138
182 111.2 138
182 111.6 137.6
182 112 137.2
182 112.4 136.8
182 112.8 136.4
182 114.4 136.8
182 114.8 136.8
end
start
183 108.8 152.8
183 109.2 152.8
183 109.6 152.8
183 110 152.8
183 110.4 153.2
183 110.8 153.2
183 111.2 153.2
183 111.6 153.2
183 112 153.2
183 112.4 153.2
183 112.8 153.2
183 113.2 151.2
183 113.6 151.2
183 114 151.6
183 114.4 151.6
183 114.8 151.6
end
start
184 113.2 153.6
184 113.6 153.6
184 114 153.6
184 114.4 153.6
184 114.8 153.6
end
start
185 108.8 168
185 109.2 168
185 109.6 168
185 110 167.6
185 110.4 167.6
185 110.8 167.6
185 111.2 167.6
185 111.6 167.2
185 112 167.2
185 112.4 166.8
185 112.8 166.8
185 113.2 166.8
185 113.6 166.4
185 114 166.4
end
start
186 115.2 25.2
186 115.6 25.2
186 116 24
186 116.4 24.4
186 116.8 24.8
186 117.2 25.2
186 119.6 25.2
186 120 22
186 120.4 21.2
186 120.8 24.4
186 121.2 25.2
end
start
187 115.2 26.8
187 115.6 31.6
187 116 31.2
187 116.4 30.8
187 116.8 30
187 117.2 28.4
187 117.6 27.2
187 118 26.8
187 118.4 31.6
187 118.8 30.4
187 119.2 27.2
187 119.6 31.6
187 120 31.6
187 120.4 29.6
187 120.8 28
187 121.2 27.2
end
start
188 115.6 32.4
188 116.4 35.6
188 116.8 35.2
188 117.2 35.2
188 117.6 34.8
188 118 34.4
188 118.4 34
188 118.8 33.6
188 119.2 33.2
188 119.6 32.4
end
start
189 115.2 44.4
189 115.6 41.2
189 116 42
189 116.4 42.4
189 116.8 44.4
189 117.2 44
189 117.6 43.2
189 118 43.2
189 118.4 42.8
189 120.4 44.4
189 120.8 44.4
189 121.2 44
end
start
190 115.2 46.4
190 115.6 47.2
190 116.8 45.6
190 118 46.4
190 118.4 46.4
190 118.8 50.8
190 119.2 50.8
190 119.6 45.6
190 120 45.2
190 120.4 44.8
end
start
191 115.2 55.6
191 115.6 56.8
191 116 57.2
191 116.4 54.8
191 116.8 55.2
191 117.2 56
191 117.6 56.8
191 118 56.8
191 118.4 57.2
191 118.8 56
191 119.2 57.2
191 119.6 55.2
191 120 56
191 120.4 54
191 120.8 57.2
191 121.2 57.2
end
start
192 115.2 61.2
192 115.6 60.8
192 116 60.8
192 116.4 60.4
192 116.8 59.6
192 117.2 62
192 117.6 62
192 118 61.2
192 118.4 61.2
192 118.8 60.8
192 119.2 61.2
192 119.6 60
192 120 62.4
192 120.4 62.4
192 120.8 60.8
192 121.2 62.8
end
start
193 115.2 76.4
193 115.6 76.4
193 116 76.4
193 116.4 76
193 116.8 75.6
193 117.2 75.6
193 117.6 75.2
193 118 75.2
193 118.4 74.8
193 118.8 74.4
193 119.2 74.4
193 119.6 74
193 120 74
193 120.4 73.6
193 120.8 76.4
193 121.2 76.4
end
start
194 115.2 79.6
194 115.6 79.2
194 116 79.2
194 116.4 78.8
194 116.8 78.4
194 117.2 78.4
194 117.6 78.4
194 118 78
194 118.4 78
194 118.8 77.6
194 119.2 82.8
194 119.6 82.8
194 120 82.4
194 120.4 82
194 120.8 82
194 121.2 81.6
end
start
195 115.2 86.4
195 115.6 86
195 116 85.6
195 116.4 85.2
195 116.8 85.2
195 117.2 84.8
195 117.6 84.4
195 118 84
195 118.4 83.6
195 118.8 83.2
195 119.2 83.2
end
start
196 115.2 114.4
196 115.6 114.4
196 116 114
196 116.4 114
196 116.8 113.6
196 117.2 113.6
end
start
197 115.2 127.2
197 115.6 127.2
197 116 127.2
197 116.4 127.2
197 116.8 127.2
197 117.2 127.6
197 117.6 127.6
197 118 127.6
197 118.4 127.6
197 118.8 127.6
197 119.2 124.8
197 119.6 124.8
197 120 124.8
197 120.4 124.8
197 120.8 124.8
197 121.2 124.8
end
start
198 119.2 128
198 119.6 128
198 120 128
198 120.4 128
198 120.8 128
198 121.2 128
end
start
199 119.6 142.4
199 120 142.4
199 120.4 142.4
199 120.8 142.4
199 121.2 142
end
start
200 115.2 151.6
200 115.6 151.6
200 116 151.6
200 116.4 151.6
200 116.8 151.6
200 117.2 151.6
200 117.6 151.6
200 118 151.6
200 118.4 151.6
200 118.8 151.6
200 119.2 151.6
200 119.6 151.6
200 120 151.6
200 120.4 151.6
200 120.8 151.6
200 121.2 151.6
end
start
201 115.2 153.6
201 115.6 153.6
201 116 154
201 116.4 154
201 116.8 154
201 117.2 154
201 117.6 154
201 118 154.4
201 118.4 154.4
201 118.8 154.4
201 119.2 154.8
201 119.6 154.8
201 120 154.8
201 120.4 155.2
201 120.8 155.2
201 121.2 155.2
end
start
202 115.2 166
202 115.6 166
202 116 165.6
202 116.4 165.6
202 116.8 165.6
202 117.2 165.6
202 117.6 165.2
202 118 165.2
202 118.4 165.2
202 118.8 164.8
202 119.2 164.8
202 119.6 164.8
202 120 164.4
202 120.4 164.4
202 120.8 164.4
202 121.2 164.4
end
start
203 125.2 17.6
203 125.6 17.6
203 126 17.6
203 126.4 17.6
203 126.8 17.6
203 127.2 18
203 127.6 18.8
end
start
204 121.6 21.6
204 122 20.8
204 122.4 25.2
204 122.8 25.2
204 123.2 24.8
204 123.6 24.4
204 124 24
204 124.4 24
204 124.8 25.2
204 125.2 24.4
204 125.6 23.2
204 126 22
204 126.4 25.2
204 126.8 24.8
204 127.2 24.4
204 127.6 24.4
end
start
205 121.6 26.4
205 122 26.4
205 122.4 26
205 123.2 31.6
205 123.6 31.6
205 124 31.6
205 124.4 31.6
205 124.8 31.2
205 125.2 31.2
205 125.6 29.2
205 126 30
205 126.4 30
205 126.8 30
205 127.2 29.6
205 127.6 29.2
end
start
206 121.6 43.6
206 122 42.8
206 122.4 42
206 122.8 41.6
206 123.2 40.8
206 123.6 42
206 124 42
206 124.4 42
206 124.8 42.4
206 125.2 42.4
206 125.6 42.8
206 126 42.8
206 126.4 43.2
206 126.8 43.2
206 127.2 43.6
206 127.6 43.6
end
start
207 121.6 56.8
207 122 57.2
207 122.4 53.6
207 122.8 54
207 123.2 54
end
start
208 121.6 62.8
208 122 63.2
208 122.4 63.6
208 122.8 63.6
208 123.2 63.6
208 123.6 63.2
208 124 62.8
208 124.4 63.2
208 124.8 63.6
208 125.2 63.6
208 125.6 62
208 126 62.4
208 126.4 63.6
208 126.8 62.8
208 127.2 62.8
208 127.6 62.8
end
start
209 123.2 64
209 123.6 64.4
209 124 64.8
209 124.4 65.2
209 124.8 65.6
209 125.2 66
209 125.6 66.4
209 126 66.4
209 126.4 66.4
209 126.8 66.4
209 127.2 66.4
209 127.6 70
end
start
210 121.6 76.4
210 122 76
210 122.4 75.6
210 122.8 75.6
210 123.2 75.2
210 123.6 75.2
210 124 75.2
210 124.4 74.8
210 124.8 74.8
210 125.2 74.4
210 125.6 74.4
210 126 74
210 126.4 74
210 126.8 74
210 127.2 73.6
210 127.6 73.6
end
start
211 121.6 81.2
211 122 81.2
211 122.4 80.8
211 122.8 80.4
211 123.2 80
211 123.6 80
211 124 79.6
211 124.4 79.2
211 124.8 79.2
211 125.2 78.8
211 125.6 78.4
211 126 78.4
211 126.4 78
211 126.8 77.6
211 127.2 77.6
211 127.6 77.2
end
start
212 121.6 125.2
212 122 125.2
212 122.4 125.2
212 122.8 125.6
212 123.2 125.6
212 123.6 125.6
212 124 125.6
212 124.4 125.6
212 124.8 126
212 125.2 126
212 125.6 126
212 126 126
212 126.4 126
212 126.8 126.4
212 127.2 126.4
212 127.6 126.4
end
start
213 121.6 128
213 122 128
213 122.4 128.4
213 122.8 128.4
213 123.2 128.4
213 123.6 128.4
213 124 128.8
213 124.4 128.8
213 124.8 128.8
213 125.2 128.8
213 125.6 128.8
213 126 129.2
213 126.4 129.2
213 126.8 129.2
213 127.2 129.2
213 127.6 129.2
end
start
214 121.6 142
214 122 141.6
214 122.4 141.6
214 122.8 141.6
214 123.2 141.2
214 123.6 141.6
214 124 141.6
214 124.4 141.6
214 124.8 141.2
214 125.2 141.2
214 125.6 141.2
214 126 141.2
214 126.4 141.2
214 126.8 140.8
214 127.2 140.8
end
start
215 121.6 151.6
215 122 151.6
215 122.4 151.6
215 122.8 151.6
215 123.2 151.6
215 123.6 152
215 124 152
215 124.4 152
215 124.8 152
215 125.2 152
215 125.6 152
215 126 152
215 126.4 152.4
215 126.8 152.4
215 127.2 152.4
215 127.6 152.4
end
start
216 121.6 155.2
216 122 155.2
216 122.4 155.6
216 122.8 155.6
216 123.2 155.6
216 123.6 155.6
216 124 155.6
216 124.4 156
216 124.8 156
216 125.2 156
216 125.6 156
216 126 156
216 126.4 156
216 126.8 156
216 127.2 156
216 127.6 156
end
start
217 121.6 164
217 122 164
217 122.4 164
217 122.8 163.6
217 123.2 163.6
217 123.6 163.6
217 124 163.6
217 124.4 163.2
217 124.8 163.2
217 125.2 163.2
217 125.6 162.8
217 126 162.8
217 126.4 162.8
217 126.8 162.4
217 127.2 162.4
217 127.6 162.4
end
start
218 128 16.4
218 128.4 17.2
218 128.8 17.6
218 129.2 18.4
218 129.6 18.8
218 130.4 18.4
218 130.8 17.6
218 131.2 17.2
218 131.6 16.4
218 132 15.6
218 132.4 14.8
end
start
219 128 24.4
219 128.4 24.4
219 128.8 24.4
219 129.2 24.4
219 129.6 24.4
219 130 24.4
219 130.4 24
219 130.8 23.6
219 131.2 23.6
219 131.6 23.6
219 132 23.6
219 132.4 23.2
219 132.8 23.2
219 133.2 23.2
219 133.6 22.8
219 134 22.8
end
start
220 128 28.8
220 128.4 28.8
220 128.8 28.4
220 129.2 28
220 129.6 27.6
220 130 27.6
220 130.4 30.4
220 130.8 30
220 131.2 30
220 131.6 29.6
220 132 29.6
220 132.4 29.2
220 132.8 29.2
220 133.2 29.2
220 133.6 29.2
220 134 29.2
end
start
221 129.2 36.8
221 129.6 36.8
221 130 36.8
221 130.4 37.6
221 130.8 37.6
221 131.2 37.6
221 131.6 37.6
221 132 37.6
221 132.4 37.6
221 132.8 37.6
221 133.2 38
221 133.6 38
221 134 38
end
start
222 128 43.6
222 128.4 43.6
222 128.8 43.6
222 129.2 44
222 129.6 44
222 130 44.4
222 130.4 44.4
222 130.8 44.4
222 131.2 43.2
222 131.6 43.2
222 132 43.6
222 132.4 44
222 132.8 43.6
222 133.2 43.6
222 133.6 44
222 134 44
end
start
223 131.2 44.8
223 131.6 44.8
223 132 44.8
223 132.4 45.2
223 132.8 45.2
223 133.2 45.2
223 133.6 45.2
223 134 45.6
end
start
224 129.6 57.2
224 130 57.2
224 130.4 57.2
224 130.8 57.2
224 131.2 57.2
224 131.6 56.4
224 132 56.8
224 132.4 55.6
224 134 57.2
end
start
225 128 63.2
225 128.4 62.8
225 128.8 63.2
225 129.2 62.8
225 129.6 57.6
225 130 58.8
225 130.4 62.4
225 130.8 62.4
225 131.2 62.4
225 131.6 61.2
225 132 60.4
225 132.8 60.4
225 133.2 60.8
225 133.6 60
225 134 59.2
end
start
226 128 70
226 128.4 69.6
226 128.8 69.6
226 129.2 69.2
226 129.6 69.2
226 130 69.2
226 130.4 68.8
226 130.8 68.4
226 131.2 69.6
226 131.6 70
226 132 67.2
226 132.4 66.8
226 132.8 66.8
226 133.2 66.8
226 133.6 66.4
226 134 66.4
end
start
227 128 76.4
227 128.4 76.4
227 128.8 76.4
227 129.2 76
227 129.6 75.6
227 130 74.8
227 130.4 75.2
227 130.8 75.2
227 131.2 75.2
227 131.6 75.2
227 132 74.8
227 132.4 74.8
227 132.8 74
227 133.2 73.6
227 133.6 73.2
227 134 72.8
end
start
228 132.4 119.2
228 132.8 121.2
228 133.2 117.6
228 133.6 118
228 134 120.8
end
start
229 128 126.8
229 128.4 126.8
229 128.8 126.8
229 129.2 127.2
229 129.6 127.2
229 130 127.2
229 130.4 127.2
229 130.8 127.6
229 131.2 127.6
229 131.6 126
229 132 126.4
229 132.4 126.4
229 132.8 126.4
229 133.2 126.8
229 133.6 127.2
229 134 126.4
end
start
230 128 129.6
230 128.4 129.6
230 128.8 129.6
230 129.2 129.6
230 129.6 129.6
230 130 129.6
230 130.4 129.6
230 130.8 129.6
230 131.2 129.6
230 131.6 129.6
230 132 129.2
230 132.4 129.2
230 132.8 128.8
230 133.2 128.4
230 133.6 128.4
230 134 128.4
end
start
231 128 140.4
231 128.4 140.4
231 128.8 140.4
231 129.2 140.4
231 129.6 140.4
231 130 140
231 130.4 140
231 130.8 140
231 131.2 139.6
231 131.6 139.6
231 132 139.2
231 132.4 139.2
231 132.8 138.8
231 133.2 138.4
231 133.6 138.4
231 134 138
end
start
232 128 152.4
232 128.4 152.4
232 128.8 152.4
232 129.2 152.8
232 129.6 152.8
232 130 152.8
232 130.4 152.8
232 130.8 152.8
232 131.2 152.8
232 131.6 153.2
232 132 153.2
232 132.4 153.2
232 132.8 153.2
232 133.2 153.2
end
start
233 128 156.4
233 128.4 156.4
233 128.8 156.4
233 129.2 156.4
233 129.6 156.8
233 130 156.8
233 130.4 156.8
233 130.8 156.8
233 131.2 156.8
233 131.6 156.8
233 132 157.2
233 132.4 157.2
233 132.8 157.2
233 133.2 157.2
233 133.6 157.6
233 134 157.6
end
start
234 128 162.4
234 128.4 162
234 128.8 162
234 129.2 162
234 129.6 162
234 130 161.6
234 130.4 161.6
234 130.8 161.6
234 131.2 161.2
234 131.6 161.2
234 132 161.2
234 132.4 160.8
234 132.8 160.8
234 133.2 160.8
234 133.6 160.8
234 134 160.4
end
start
235 134.4 22.4
235 134.8 22.4
235 135.2 22.4
235 135.6 22.4
235 136 22.4
235 136.4 22.4
235 136.8 22.8
235 137.2 22.8
235 137.6 23.2
235 138 23.2
235 138.4 23.2
235 138.8 23.2
235 139.2 22.8
235 139.6 22.4
235 140 23.2
235 140.4 23.2
end
start
236 134.4 29.2
236 134.8 29.2
236 135.2 29.2
236 136 31.6
236 136.4 31.6
236 136.8 31.2
236 137.2 30.8
236 137.6 30.4
236 138 31.6
236 138.4 31.6
236 138.8 31.2
236 139.2 30.8
236 139.6 30.8
236 140 30
236 140.4 30.4
end
start
237 134.4 38
237 134.8 38
237 135.2 34
237 135.6 34
237 136 33.6
237 136.4 33.2
237 136.8 38
237 137.2 38
237 137.6 32.4
237 138 32
end
start
238 134.4 44
238 134.8 44.4
238 135.2 44.4
238 135.6 44.4
238 136 44.4
238 136.4 44.4
238 136.8 44
238 137.2 44
238 137.6 42.8
238 138 42.8
238 138.4 42.8
238 138.8 43.2
238 139.2 43.2
238 139.6 43.6
238 140 43.6
238 140.4 43.6
end
start
239 134.4 45.6
239 134.8 45.6
239 135.2 45.6
239 135.6 50.4
239 136 50.4
239 136.4 50.4
239 136.8 50.4
239 137.2 50.4
239 137.6 50.8
239 138 50.8
239 138.4 46.8
239 138.8 46.8
239 139.2 46.8
239 139.6 46.8
239 140 46.8
239 140.4 50
end
start
240 134.4 57.2
240 134.8 56.8
240 135.2 56.8
240 135.6 56.4
240 136 56
240 136.4 56.8
240 136.8 57.2
240 137.2 55.2
240 137.6 52.4
240 138 52
240 139.6 57.2
240 140 57.2
240 140.4 56.8
end
start
241 134.4 58.8
241 134.8 58.8
241 135.2 58.4
241 135.6 58
241 136 58
241 136.4 63.6
241 136.8 63.2
241 137.2 62.8
241 137.6 62.4
241 138 62
241 138.4 61.2
241 138.8 63.6
241 139.2 63.6
241 139.6 63.2
241 140 63.2
241 140.4 62.8
end
start
242 134.4 66
242 134.8 68
242 135.2 68.8
242 135.6 68.8
242 136 69.6
242 136.4 69.2
242 136.8 68.8
242 137.2 70
242 137.6 70
242 138 70
242 138.4 69.6
242 138.8 69.2
242 139.2 68.8
242 139.6 68.8
242 140 68.4
242 140.4 68
end
start
243 134.4 72.4
243 134.8 72.4
243 135.2 72
243 135.6 71.6
243 136 71.2
243 136.4 71.2
243 136.8 70.8
243 137.2 70.4
end
start
244 134.4 121.2
244 136.8 121.2
244 137.2 120.8
244 137.6 120.4
244 138 120.4
244 138.4 120.4
244 138.8 120.4
244 139.2 120
244 139.6 120
244 140 120
244 140.4 120
end
start
245 134.4 126.8
245 134.8 126.4
245 135.2 126
245 135.6 124.4
245 136 124
245 136.4 127.6
245 136.8 127.6
245 137.2 127.6
245 137.6 127.6
245 138 124
245 138.4 124
245 138.8 124
245 139.2 124.4
245 139.6 124.4
245 140 124.4
245 140.4 124.4
end
start
246 134.4 128.4
246 134.8 128.4
246 135.2 128.4
246 135.6 128
246 136 128
246 138 128
246 138.4 128
246 138.8 128
246 139.2 128
246 139.6 128
246 140 128.4
246 140.4 128.4
end
start
247 134.4 138
247 134.8 137.6
247 135.2 137.6
247 135.6 137.2
247 136 137.2
247 136.4 136.8
247 136.8 136.8
247 137.2 136.4
247 137.6 136.4
247 138 136
247 138.4 136
247 138.8 136
247 139.2 135.6
247 139.6 135.6
247 140 135.2
247 140.4 135.2
end
start
248 134.4 157.6
248 134.8 157.6
248 135.2 157.6
248 135.6 157.6
248 136 157.6
248 136.4 157.6
248 136.8 157.6
248 137.2 159.6
248 137.6 159.6
248 138 159.6
248 138.4 159.6
248 138.8 159.6
248 139.2 159.2
248 139.6 158.8
248 140 158.8
248 140.4 158.8
end
start
249 134.4 160.4
249 134.8 160.4
249 135.2 160
249 135.6 160
249 136 160
249 136.4 160
249 136.8 160
end
start
250 137.6 191.6
250 138 191.6
250 138.4 191.6
250 138.8 191.6
250 139.2 191.6
250 139.6 191.6
250 140 191.6
250 140.4 191.2
end
start
251 140.8 18.8
251 141.2 18.8
251 141.6 18.4
251 142 18.4
251 142.4 18
251 142.8 17.6
251 143.2 18.8
251 143.6 18.8
251 144 18.4
251 144.4 18.4
251 144.8 18
251 145.2 17.6
251 145.6 17.6
251 146 17.2
251 146.4 16.8
251 146.8 16.4
end
start
252 140.8 23.2
252 141.2 23.2
252 141.6 25.2
252 142 22.8
252 142.4 22.8
252 142.8 22.8
252 143.2 22.8
252 143.6 22.8
252 144 22.8
252 144.4 22.8
252 144.8 22.4
252 145.2 22.4
252 145.6 22.4
252 146 22.4
252 146.4 22.4
252 146.8 22
end
start
253 140.8 28.8
253 141.2 28.8
253 141.6 28.4
253 142 28
253 142.4 28
253 142.8 28
253 143.2 28
253 143.6 27.6
253 144 28
253 144.4 28
253 144.8 28
253 145.2 27.2
end
start
254 143.6 36
254 144 36
254 144.4 36
254 144.8 36
254 145.2 36
254 145.6 36
254 146 36
254 146.4 37.2
254 146.8 37.2
end
start
255 140.8 43.6
255 141.2 43.6
255 141.6 43.6
255 142 44
255 142.4 44.4
255 142.8 44.4
255 143.2 43.2
255 143.6 43.6
255 144 44
255 144.4 44.4
255 144.8 44.4
255 145.2 43.6
255 145.6 44
255 146 44.4
end
start
256 140.8 50
256 141.2 50.4
256 141.6 50.4
256 142 50.4
256 142.4 50
256 142.8 49.6
256 143.2 49.2
256 143.6 49.6
256 144 50.4
256 144.4 50.4
256 144.8 50.8
256 145.2 48
256 145.6 50.8
256 146 50.8
256 146.4 50.8
256 146.8 50.8
end
start
257 140.8 56.4
257 141.2 55.6
257 142.4 55.2
257 142.8 55.6
257 143.2 57.2
257 143.6 55.2
257 144 54.4
257 144.4 54.8
257 144.8 54.4
257 145.2 54.8
257 145.6 54.4
257 146 54.4
257 146.4 54.4
257 146.8 54.8
end
start
258 140.8 62.8
258 141.2 62.4
258 141.6 62
258 142 61.6
258 142.4 61.2
258 142.8 61.2
258 143.2 60.8
258 143.6 63.6
258 144 63.6
258 144.4 63.6
258 144.8 63.2
258 145.2 62.8
258 145.6 62.8
258 146 62.4
258 146.4 63.6
258 146.8 63.6
end
start
259 140.8 68
259 141.2 67.6
259 141.6 67.2
259 142 66.8
259 142.4 66.8
259 142.8 66.4
259 143.2 66
259 143.6 65.6
259 144 65.6
259 144.4 65.2
259 144.8 64.8
259 145.2 64.8
259 145.6 64.4
259 146 64
259 146.4 64
end
start
260 144.4 108.4
260 144.8 104.8
260 145.2 104.8
260 145.6 105.2
260 146 107.6
260 146.4 108.4
end
start
261 140.8 120
261 141.2 120.4
261 141.6 120.4
261 142 120.8
261 142.4 121.2
261 144.4 120.8
261 144.8 120.8
261 145.2 120.8
261 146.4 121.2
end
start
262 140.8 124.4
262 141.2 124
262 141.6 126
262 142 126.4
262 142.4 126.8
262 142.8 127.2
262 143.6 127.6
262 144 126.4
262 144.4 124
262 145.6 127.6
262 146 125.6
262 146.4 125.6
end
start
263 140.8 128.4
263 141.2 128.4
263 141.6 128.4
263 142 134
263 142.4 134
263 142.8 134
263 143.2 133.6
263 143.6 133.6
263 144 133.2
263 144.4 133.2
263 144.8 132.8
263 145.2 132.4
263 145.6 132.4
263 146 132
263 146.4 132
263 146.8 131.6
end
start
264 140.8 158.8
264 141.2 158.8
264 141.6 158.8
264 142 158.8
264 142.4 158.8
264 142.8 158.8
264 143.2 158.8
264 143.6 158.8
264 144 158.8
264 144.4 154.8
264 144.8 154.8
264 145.2 154.8
264 145.6 155.2
264 146 155.2
264 146.4 155.2
264 146.8 155.2
end
start
265 140.8 191.2
265 141.2 191.2
265 141.6 191.2
265 142 191.2
265 142.4 191.2
265 142.8 190.8
265 143.2 190.8
265 143.6 190.8
265 144 190.8
265 144.4 190.8
265 144.8 190.8
265 145.2 190.8
265 145.6 191.2
265 146 191.2
265 146.4 191.2
265 146.8 191.6
end
start
266 148.4 10
266 148.8 10.8
266 149.2 11.2
266 149.6 11.2
266 150 11.2
266 150.4 12.4
266 150.8 12
266 151.2 11.6
266 151.6 11.6
266 152 11.6
266 152.4 11.6
266 152.8 11.6
266 153.2 12
end
start
267 147.2 16
267 147.6 18.8
267 148 18.8
267 148.4 18.4
267 148.8 18.4
267 149.2 18
267 149.6 18
267 150 17.6
267 150.4 17.6
267 150.8 18.8
267 151.2 18.8
267 151.6 18.4
267 152 18.4
267 152.4 18
267 152.8 18
267 153.2 18
end
start
268 147.2 21.2
268 147.6 20.8
268 148 20.8
268 148.4 25.2
268 148.8 25.2
268 149.2 25.2
268 149.6 24.8
268 150 24.8
268 150.4 24.8
268 150.8 24.4
268 151.2 24.4
268 151.6 24.4
268 152 24.4
268 152.4 24
268 152.8 24
268 153.2 24
end
start
269 148.4 26
269 148.8 26.4
269 149.2 26.4
269 149.6 26.4
269 150 26.4
269 150.4 26
269 150.8 26
269 151.2 26
269 151.6 26
269 152 26
269 152.4 25.6
269 152.8 25.6
269 153.2 25.6
end
start
270 147.2 37.2
270 147.6 37.2
270 148 37.6
270 148.4 37.6
270 148.8 37.6
270 149.2 37.6
270 149.6 38
270 150 37.2
270 150.4 37.2
270 150.8 36.8
270 151.2 38
270 151.6 38
270 152 36.8
270 152.4 36.8
270 152.8 37.6
270 153.2 37.6
end
start
271 149.2 42
271 149.6 42.4
271 150 42.8
271 150.4 43.2
271 150.8 43.6
271 151.2 44
271 151.6 44.4
271 152 42
271 152.4 42
271 152.8 44.4
271 153.2 44
end
start
272 147.2 50.8
272 147.6 50.4
272 148 50
272 148.4 50.4
272 148.8 49.2
272 149.2 49.2
272 149.6 49.6
272 150 49.6
272 150.4 49.6
272 150.8 49.6
272 151.2 50
272 151.6 50.4
272 152 50.8
272 152.4 50.8
272 152.8 50.4
272 153.2 50
end
start
273 147.2 57.2
273 147.6 57.2
273 148 56.8
273 148.4 56.8
273 148.8 56.4
273 149.2 56.4
273 149.6 56
273 150 55.6
273 150.4 55.6
273 150.8 57.2
273 151.2 57.2
273 151.6 57.2
273 152 56.8
273 152.4 56.8
273 152.8 56.4
273 153.2 56.4
end
start
274 147.2 63.2
274 147.6 62.8
274 148 62.8
274 148.4 62.4
274 148.8 62
274 149.2 61.6
274 149.6 61.2
274 150 60.8
274 150.4 60.4
274 150.8 60
274 151.2 60
274 151.6 59.6
274 152 59.2
274 152.4 58.8
274 152.8 58.4
274 153.2 58.4
end
start
275 147.2 124.4
275 147.6 124
275 148 124
275 152.8 127.6
275 153.2 127.6
end
start
276 147.2 131.6
276 147.6 131.2
276 148 130.8
276 148.4 130.8
276 148.8 130.4
276 149.2 130.4
276 149.6 130
276 150 129.6
276 150.4 129.2
276 150.8 128.8
276 151.2 128.8
276 151.6 128.4
276 152 128
276 152.4 128
276 152.8 128
end
start
277 147.2 155.2
277 147.6 155.2
277 148 155.2
277 148.4 155.2
277 148.8 155.2
277 149.2 155.2
277 149.6 155.2
277 150 155.2
277 150.4 155.2
277 150.8 155.6
277 151.2 155.6
277 151.6 155.6
277 152 155.6
277 152.4 155.6
277 152.8 155.6
277 153.2 155.6
end
start
278 147.2 191.6
278 147.6 191.2
278 148 191.2
278 148.4 190.8
278 148.8 190.8
278 149.2 190.8
278 149.6 190.8
278 150 190.8
278 150.4 190.8
278 150.8 190.8
278 151.2 190.8
278 151.6 190.8
278 152 190.8
278 152.4 190.8
278 152.8 190.8
278 153.2 190.8
end
start
279 153.6 12
279 154 12
279 154.4 12
279 154.8 12
279 155.2 12
279 155.6 12
279 156 12
279 156.4 12.4
279 156.8 12.4
279 157.2 12.4
279 157.6 12.4
279 158 12.4
279 158.4 12
279 158.8 12.4
279 159.2 12.4
279 159.6 12.4
end
start
280 153.6 18
280 154 18
280 154.4 18
280 154.8 18
280 155.2 16.8
280 155.6 16.8
280 156 17.6
280 156.4 17.2
280 159.2 18.8
280 159.6 18.8
end
start
281 153.6 25.2
281 154 25.2
281 154.4 25.2
281 156 20.4
281 156.4 20
281 156.8 20
281 157.2 20
281 157.6 20
281 158 20
281 158.4 19.6
281 158.8 19.6
281 159.2 19.2
end
start
282 153.6 38
282 154 38
282 154.4 36.4
282 154.8 36.4
282 155.2 37.6
282 155.6 38
282 156 38
282 156.4 38
282 156.8 36.4
282 157.2 36.4
282 157.6 36.4
282 158 36.4
282 158.4 36.4
282 158.8 37.2
282 159.2 37.6
282 159.6 37.6
end
start
283 153.6 43.2
283 154 41.2
283 154.4 41.2
283 154.8 41.6
283 155.2 41.6
283 155.6 42
283 156 44.4
283 156.4 44.4
283 156.8 42.8
283 157.2 39.6
283 157.6 40.4
283 158 40.8
283 158.4 43.2
283 158.8 42.8
283 159.2 41.2
283 159.6 44.4
end
start
284 153.6 50
284 154 50
284 154.4 50
284 154.8 50
284 155.2 50
284 155.6 50.8
284 156 50.8
284 156.4 50.8
284 156.8 47.2
284 157.2 47.2
284 157.6 47.6
284 158 48
284 158.4 48.4
284 158.8 49.2
284 159.2 49.6
284 159.6 50
end
start
285 153.6 55.6
285 154 57.2
285 154.4 57.2
285 154.8 56.8
285 155.2 56.4
285 155.6 56
285 156 56
285 156.4 56
285 156.8 55.6
285 157.2 55.6
285 157.6 54.8
285 158 52
285 158.4 51.6
285 158.8 51.6
285 159.2 51.6
285 159.6 51.6
end
start
286 156.4 97.2
286 156.8 97.6
286 157.2 98
286 157.6 98
286 158 98
286 158.4 98
286 158.8 98
286 159.2 99.6
286 159.6 102
end
start
287 153.6 127.6
287 154 127.2
287 154.4 126.8
287 154.8 126.8
287 155.2 126.4
287 155.6 126.4
287 156 126.4
287 156.4 126
287 156.8 126
287 157.2 125.6
287 157.6 125.6
287 158 125.6
287 158.4 125.6
287 158.8 125.6
287 159.2 126
287 159.6 125.6
end
start
288 153.6 155.6
288 154 155.6
288 154.4 155.6
288 154.8 155.6
288 155.2 155.6
288 155.6 155.6
288 156 155.6
288 156.4 155.6
288 156.8 155.6
288 157.2 155.6
288 157.6 155.6
288 158 155.6
288 158.4 155.6
288 158.8 155.6
288 159.2 159.6
288 159.6 159.6
end
start
289 153.6 190.8
289 154 190.8
289 154.4 190.8
289 154.8 190.8
289 155.2 190.8
289 155.6 190.4
289 156 190.4
289 156.4 190.4
289 156.8 190.4
289 157.2 190.4
289 157.6 190.4
289 158 190
289 158.4 190
289 158.8 190
289 159.2 190
289 159.6 189.6
end
start
290 160 12.4
290 160.4 12.4
290 160.8 12.4
290 161.2 12.4
290 161.6 12.4
290 162 12.4
290 162.4 12
290 162.8 11.6
290 164 12.4
290 164.4 12.4
290 164.8 12
290 165.2 11.2
290 165.6 10.8
290 166 12.4
end
start
291 160 18.4
291 160.4 16.8
291 160.8 16.8
291 161.2 18.8
291 161.6 18.4
291 162 18.4
291 162.4 18
291 162.8 18
291 163.2 18
291 163.6 18.4
291 164 18.8
291 164.4 18
291 164.8 18
291 165.2 18.8
291 165.6 17.6
291 166 18.8
end
start
292 161.2 19.6
292 161.6 19.6
292 162 19.6
292 162.4 19.6
292 162.8 19.6
292 163.2 22.4
292 163.6 22.4
292 164 22.8
292 164.4 22.8
292 164.8 22.8
292 165.2 22.8
292 165.6 23.2
292 166 23.6
end
start
293 164.4 31.2
293 164.8 31.6
293 165.2 31.6
293 165.6 31.6
293 166 31.6
end
start
294 160 37.6
294 160.4 38
294 160.8 38
294 161.2 38
294 161.6 38
294 162 35.2
294 162.4 37.2
294 162.8 37.2
294 163.2 37.6
294 163.6 38
294 164 38
294 164.4 35.6
294 164.8 35.6
294 165.2 38
294 165.6 36.4
294 166 36.8
end
start
295 160 41.6
295 160.4 41.6
295 160.8 42
295 161.2 44.4
295 161.6 44.4
295 162 42.8
295 162.4 43.2
295 162.8 44.4
295 163.2 44
295 163.6 39.6
295 164 44
295 164.4 44
295 164.8 44
295 165.2 44
295 165.6 40
295 166 40.4
end
start
296 160 50.4
296 160.4 50
296 160.8 49.6
296 161.2 48.4
296 161.6 48.8
296 162 49.2
296 162.4 49.6
296 162.8 50
296 163.2 50
296 163.6 50.4
296 164 50.8
296 164.4 50.8
296 164.8 50.8
296 165.2 47.2
296 165.6 46.8
296 166 46.4
end
start
297 160 52.4
297 160.4 54
297 160.8 55.6
297 161.2 56
297 161.6 56.4
297 162 56.8
297 162.4 57.2
297 162.8 57.2
297 163.2 55.6
297 163.6 56
297 164 56.4
297 164.4 57.2
297 164.8 56
297 165.2 56.4
297 165.6 57.2
297 166 56
end
start
298 162.8 58
298 163.2 58.4
298 163.6 58.8
298 164 59.6
298 164.4 60
298 164.8 60.4
298 165.2 60.4
298 165.6 60.8
298 166 61.2
end
start
299 160 125.6
299 160.4 125.6
299 160.8 125.6
299 161.2 124.8
299 161.6 126
299 162 126.8
299 162.4 127.6
end
start
300 162.8 128.8
300 163.2 130
300 163.6 130.8
300 164 131.6
300 164.4 132.4
300 164.8 133.6
300 165.2 134
end
start
301 160 159.2
301 160.4 158.8
301 160.8 158.8
301 161.2 158.8
301 161.6 158.8
301 162 158.8
301 162.4 158.4
301 162.8 158.4
301 163.2 158.4
301 163.6 158
301 164 158
301 164.4 158
301 164.8 158.4
301 165.2 158
301 165.6 158
301 166 155.2
end
start
302 160 189.6
302 160.4 189.6
302 160.8 189.6
302 161.2 189.2
302 161.6 189.2
302 162 189.2
302 162.4 189.2
302 162.8 189.2
302 163.2 189.2
302 163.6 189.2
302 164 188.8
302 164.4 188.8
302 164.8 188.8
302 165.2 188.8
302 165.6 188.8
302 166 188.8
end
start
303 166.4 12
303 166.8 11.6
303 167.2 11.2
303 167.6 10
303 168 9.6
303 168.4 9.6
303 170.8 12.4
303 171.2 12.4
303 171.6 12.4
303 172 12
303 172.4 12
end
start
304 166.4 18.8
304 166.8 18.4
304 167.2 18
304 167.6 18
304 168 17.6
304 168.4 17.2
304 168.8 17.2
304 169.2 16.8
304 169.6 16.8
304 170 16.4
304 170.4 16.4
304 170.8 16
304 171.2 16.4
304 171.6 16.4
304 172 13.6
304 172.4 15.6
end
start
305 166.4 23.6
305 166.8 24
305 167.2 24
305 167.6 24.4
305 168 24.8
305 168.4 25.2
305 168.8 25.2
305 169.2 25.2
305 169.6 24.4
305 170 24
305 170.4 24.4
305 170.8 25.2
end
start
306 166.4 30.4
306 166.8 30.4
306 167.2 30.4
306 167.6 30.4
306 168 30.8
306 168.4 30.8
306 168.8 30.4
306 169.2 30.8
306 169.6 30.4
306 170 31.6
306 170.4 31.6
306 170.8 31.2
306 171.2 30.8
306 171.6 29.6
end
start
307 166.4 37.2
307 166.8 37.6
307 167.2 38
307 167.6 38
307 168 32
307 168.4 32
307 168.8 32.4
307 169.2 38
307 169.6 38
307 170 37.6
307 170.4 37.2
307 170.8 36.8
307 171.2 36.4
307 171.6 38
307 172 38
307 172.4 36.8
end
start
308 166.4 44
308 166.8 43.6
308 167.2 44.4
308 167.6 44
308 168 44
308 168.4 43.6
308 168.8 43.2
308 169.2 40.8
308 169.6 44.4
308 170 44
308 170.4 43.6
308 170.8 42.8
308 171.2 42.4
308 171.6 42.4
308 172 42
308 172.4 42
end
start
309 166.4 46
309 166.8 46
309 167.2 45.6
309 167.6 46.4
309 168 46.8
309 168.4 47.2
309 168.8 47.6
309 169.2 48
309 169.6 48.4
309 170 48.8
309 170.4 49.6
309 170.8 50
309 171.2 50.4
309 171.6 50.8
end
start
310 166.4 55.6
310 166.8 55.6
310 167.2 56.8
310 167.6 56.4
310 168 56.4
310 168.4 56.8
310 168.8 57.2
310 169.2 57.2
310 169.6 56
310 170 56.4
310 170.4 56.8
310 170.8 56.8
310 171.2 57.2
310 171.6 57.2
310 172 51.6
310 172.4 51.6
end
start
311 166.4 61.6
311 166.8 62
311 167.2 62
311 167.6 62.4
311 168 62.8
311 168.4 62.8
311 168.8 63.2
311 169.2 63.2
311 169.6 63.6
311 170 63.6
311 170.4 63.6
311 170.8 62.4
311 171.2 62.8
311 171.6 62.8
311 172 63.2
311 172.4 63.2
end
start
312 170.4 64
312 170.8 64.4
312 171.2 64.4
312 171.6 64.8
312 172 64.8
312 172.4 64.8
end
start
313 170 89.2
313 170.4 89.2
313 170.8 89.2
313 171.2 88
313 171.6 88
313 172 87.6
313 172.4 87.6
end
start
314 170.8 89.6
314 171.2 89.6
314 171.6 89.6
314 172 90
314 172.4 90
end
start
315 166.4 136.8
315 166.8 137.6
315 167.2 138
315 167.6 138.8
315 168 139.2
315 168.4 140
315 168.8 140.4
315 169.2 140.4
end
start
316 169.2 140.8
316 169.6 141.2
316 170 141.6
316 170.4 142
316 170.8 142.4
316 171.2 142.8
316 171.6 143.2
316 172 143.6
316 172.4 144
end
start
317 166.4 155.2
317 166.8 155.2
317 167.2 155.2
317 167.6 155.2
317 168 154.8
317 168.4 154.8
317 168.8 154.8
317 169.2 154.8
317 169.6 154.8
317 170 154.8
317 170.4 154.4
317 170.8 154.4
317 171.2 154.4
317 171.6 154.4
317 172 154.4
317 172.4 154.4
end
start
318 166.4 188.8
318 166.8 189.2
318 167.2 189.2
318 167.6 188.8
318 168 188.8
318 168.4 188.8
318 168.8 188.8
318 169.2 188.4
318 169.6 188.4
318 170 188.4
318 170.4 188.4
318 170.8 188
318 171.2 188
318 171.6 188
318 172 188
318 172.4 188
end
start
319 172.8 12
319 173.2 12
319 173.6 12
319 174 12
319 177.6 12
319 178 12
319 178.4 12
319 178.8 12
end
start
320 172.8 16
320 173.2 16
320 173.6 16
320 174 16
320 174.4 13.2
320 174.8 13.2
320 175.2 13.2
320 175.6 14.8
320 176 16
320 176.4 16
320 176.8 16.4
320 177.2 16.4
320 177.6 16
320 178 14.8
320 178.4 14.4
320 178.8 14.8
end
start
321 174 31.6
321 174.4 31.6
321 174.8 31.2
321 175.2 30.8
321 175.6 31.2
321 176 31.2
321 176.4 31.2
321 176.8 31.2
321 177.2 31.2
321 177.6 30.8
321 178 30.8
321 178.4 30.8
321 178.8 30.8
end
start
322 172.8 36
322 174 32.4
322 174.4 32.8
322 174.8 32.8
322 175.2 32.4
322 175.6 32.4
322 176 32.4
322 176.4 32.8
322 176.8 32.8
322 177.2 32.8
322 177.6 32.8
322 178 32.4
322 178.4 32.4
322 178.8 32.4
end
start
323 172.8 42
323 173.2 42
323 173.6 41.2
323 174 41.2
323 174.4 41.2
323 174.8 41.2
323 175.2 41.6
end
start
324 172.8 52
324 173.2 52
324 173.6 52
324 174 52.4
324 174.4 52.4
324 174.8 52.4
324 175.2 55.2
324 175.6 54.8
324 176 54.8
324 176.4 54.8
324 176.8 54.8
324 177.2 54.4
324 177.6 54.4
324 178 54
324 178.4 54.4
324 178.8 54.4
end
start
325 172.8 63.6
325 173.2 63.6
325 173.6 63.6
325 174 62.8
325 174.4 62.8
325 174.8 63.2
325 175.2 63.2
325 175.6 63.2
325 176 63.2
325 176.4 63.2
325 176.8 62.4
325 177.2 62.8
325 177.6 63.2
325 178 63.2
325 178.4 59.2
325 178.8 59.2
end
start
326 172.8 65.2
326 173.2 65.2
326 173.6 65.2
326 174 65.6
326 174.4 65.6
326 174.8 65.6
326 175.2 65.6
326 175.6 65.6
326 176 66
326 176.4 66
326 176.8 66
326 177.2 66.4
326 177.6 66.4
326 178 66
326 178.4 66
326 178.8 66
end
start
327 172.8 87.6
327 173.2 88
327 173.6 88
327 174 87.6
327 174.4 87.2
327 174.8 87.2
327 175.2 87.2
327 175.6 87.2
327 176 87.2
327 176.4 86.8
327 176.8 86.8
327 177.2 86.8
327 177.6 86.4
327 178 86.4
327 178.4 86.4
327 178.8 86.4
end
start
328 172.8 90
328 173.2 90
328 173.6 90.4
328 174 90.4
328 174.4 90.4
328 174.8 90.8
328 175.2 90.8
328 175.6 90.4
328 176 90.4
328 176.4 90.4
328 176.8 90.8
328 177.2 91.2
328 177.6 91.2
328 178 91.2
328 178.4 91.2
328 178.8 91.2
end
start
329 172.8 144.4
329 173.2 144.4
329 173.6 144.8
329 174 145.2
329 174.4 145.6
329 174.8 145.6
329 175.2 146
329 175.6 146.4
329 176 146.4
329 176.4 146.8
329 176.8 146.8
end
start
330 176.8 147.2
330 177.2 147.2
330 177.6 147.2
330 178 147.6
330 178.4 147.6
330 178.8 148
end
start
331 172.8 154.4
331 173.2 154.4
331 173.6 154.4
331 174 154
331 174.4 154
331 174.8 154
331 175.2 154
331 175.6 154
331 176 154
331 176.4 154
331 176.8 154
331 177.2 154
331 177.6 154
331 178 154
331 178.4 153.6
331 178.8 153.6
end
start
332 176.8 184
332 177.2 183.6
332 177.6 183.2
332 178 182.8
332 178.4 182.4
332 178.8 182
end
start
333 172.8 187.6
333 173.2 187.6
333 173.6 187.6
333 174 187.6
333 174.4 187.2
333 174.8 187.2
333 175.2 187.2
333 175.6 187.2
333 176 187.2
333 176.4 187.2
333 177.2 187.2
333 177.6 187.2
333 178 186.8
333 178.4 186.8
end
start
334 179.2 15.2
334 179.6 15.2
334 180 15.2
334 180.4 15.2
334 180.8 15.2
334 181.2 14.8
334 181.6 14
334 182 14
334 182.4 14
334 182.8 14
334 183.2 14
334 183.6 14
334 184 14
334 184.4 13.6
334 184.8 14
334 185.2 14
end
start
335 179.2 30.8
335 179.6 30.4
335 180 30.4
335 180.4 30.4
335 180.8 30
335 181.2 30
335 181.6 30
335 182 29.6
335 182.4 29.2
335 182.8 28.8
335 183.2 31.6
335 183.6 31.6
335 184 29.6
335 184.4 31.6
335 184.8 31.6
335 185.2 31.6
end
start
336 179.2 32.4
336 179.6 32.4
336 180 32
336 180.4 32
336 180.8 32
336 181.2 32
336 181.6 32
336 182 32
336 182.4 32
336 182.8 32
336 183.2 32
336 183.6 32
336 184 32
end
start
337 181.2 50
337 181.6 50.4
337 182 50.4
337 182.4 50.8
337 182.8 50.8
337 183.2 49.6
337 183.6 49.6
337 184 49.6
337 184.4 49.2
337 184.8 49.2
337 185.2 50.8
end
start
338 179.2 54.8
338 179.6 54.8
338 180 54.4
338 180.4 54.4
338 180.8 54.4
338 181.2 54.4
338 181.6 54.4
338 182 54.4
338 182.4 54.4
338 182.8 54.4
338 183.2 54
338 183.6 54
338 184 54
338 185.2 57.2
end
start
339 179.2 63.6
339 179.6 63.6
339 180 63.2
339 180.4 63.2
339 180.8 63.2
339 181.2 63.2
339 181.6 63.2
339 182 62.8
339 182.4 62.8
339 182.8 62.8
339 183.2 62.4
339 183.6 62.4
339 184 62
339 184.4 61.6
339 184.8 59.6
339 185.2 60
end
start
340 179.2 66
340 179.6 65.6
340 180 65.6
340 180.4 65.2
340 180.8 65.2
340 181.2 66
340 181.6 66.8
340 182 66.8
340 182.4 66.8
340 182.8 66.8
340 183.2 66.4
340 183.6 64.8
340 184 64
340 184.4 64
340 184.8 64.8
340 185.2 66.4
end
start
341 179.2 86
341 179.6 85.6
341 180 85.6
341 180.4 85.6
341 180.8 85.2
341 181.2 85.2
341 181.6 85.6
341 182 85.6
341 182.4 85.2
341 182.8 85.2
341 183.2 84.8
341 183.6 84.8
341 184 84.4
341 184.4 84.4
341 184.8 84.4
341 185.2 84.4
end
start
342 179.2 91.2
342 179.6 91.2
342 180 91.2
342 180.4 91.2
342 180.8 91.2
342 181.2 91.2
342 181.6 91.2
342 182 91.2
342 182.4 91.2
342 182.8 91.2
342 183.2 91.2
342 183.6 91.2
342 184 91.2
342 184.4 91.2
342 184.8 90.8
342 185.2 90.8
end
start
343 179.2 148
343 179.6 148
343 180 148.4
343 180.4 148.4
343 180.8 153.2
343 181.2 153.2
343 181.6 153.2
343 182 153.2
343 182.4 153.2
343 182.8 153.2
343 183.2 153.2
343 183.6 153.2
343 184 153.2
343 184.4 153.2
343 184.8 152.8
343 185.2 152.8
end
start
344 179.2 182
344 179.6 181.6
344 180 181.2
344 180.4 180.8
344 180.8 180.8
344 181.2 180.8
344 181.6 180.4
344 182 180.4
344 182.4 180.4
344 182.8 180.4
344 183.2 180
344 183.6 180
344 184 180
344 184.4 180
344 184.8 180
344 185.2 180
end
start
345 185.6 14
345 186 14.4
345 186.4 14.4
345 186.8 14
345 187.2 14
345 187.6 13.6
345 188 13.6
345 188.4 13.6
345 188.8 13.6
345 189.2 13.6
345 189.6 13.6
345 190 13.6
345 190.4 14
345 190.8 14
345 191.2 14
345 191.6 14
end
start
346 186.8 47.6
346 187.2 47.6
346 187.6 47.2
346 188 47.2
346 188.4 50
346 188.8 50.4
346 189.2 50.8
346 189.6 50
346 190 50.4
346 190.4 50.4
346 190.8 50.8
346 191.2 50.8
346 191.6 50
end
start
347 185.6 51.6
347 186 57.2
347 186.4 57.2
347 186.8 54.4
347 187.2 54
347 187.6 54
347 188 52.4
347 188.4 52.4
347 188.8 52.8
347 189.2 53.6
347 189.6 55.6
347 190 56
347 190.4 56.4
347 190.8 56.8
347 191.2 56.8
347 191.6 56.8
end
start
348 185.6 62.4
348 186 63.6
348 186.4 63.6
348 186.8 61.6
348 187.2 59.6
348 187.6 59.6
348 188 60
348 188.4 60.4
348 188.8 60.8
348 189.2 60.8
348 189.6 61.2
348 190 61.6
348 190.4 62
348 190.8 62.4
348 191.2 63.6
348 191.6 63.2
end
start
349 185.6 68.4
349 186 70
349 186.4 64.4
349 186.8 66.8
349 187.2 68
349 187.6 70
349 191.2 64.8
349 191.6 64.8
end
start
350 186.4 72.8
350 186.8 73.6
350 187.2 74.4
350 187.6 74.8
350 188 75.2
350 188.4 75.2
350 188.8 75.2
350 189.2 74.4
end
start
351 185.6 90.8
351 186 90.8
351 186.4 94.8
351 186.8 94.8
351 187.2 94.4
351 187.6 94.4
351 188 94
351 188.4 94
351 188.8 94
351 189.2 94
351 189.6 94
351 190 93.6
351 190.4 93.6
351 190.8 93.6
351 191.2 93.2
351 191.6 92.8
end
start
352 185.6 152.8
352 186 152.8
352 186.4 152.8
352 186.8 152.8
352 187.2 152.8
352 187.6 152.8
352 188 152.8
352 188.4 152.8
352 188.8 152.8
352 189.2 152.8
352 189.6 152.8
352 190 153.2
352 190.4 153.2
352 190.8 153.2
352 191.2 152
352 191.6 152
end
start
353 185.6 180
353 186 180
353 186.4 180
353 186.8 180
353 187.2 180.4
353 187.6 180.4
353 188 180.8
353 188.4 181.2
353 188.8 181.6
353 189.2 182.4
353 189.6 184
353 190 184.4
353 190.4 184.4
353 190.8 184.8
353 191.2 184.4
353 191.6 184.4
end
start
354 186.4 191.6
354 186.8 191.6
354 187.2 191.6
354 187.6 191.6
354 188 191.6
354 188.4 191.6
354 188.8 191.2
354 189.2 191.2
354 189.6 191.2
354 190 191.2
354 190.4 190.8
354 190.8 190.8
354 191.2 190.4
354 191.6 190.8
end
