1 12 84.4&12.4 88.8
2 12.8 10&18.8 10.4
3 18.4 63.6&18.8 63.6
4 12.8 82.8&15.2 79.6
5 12.8 91.6&14 95.6
6 14 96&16.4 102
7 16.4 102.4&18.8 106.4
8 12.8 178.8&13.2 178.8
9 13.2 179.2&18.8 182.8
10 12.8 187.6&18.8 190.4
11 19.2 10.4&25.2 10.4
12 19.2 57.2&25.2 53.2
13 19.2 63.2&20.4 60
14 19.2 106.8&20.4 108.4
15 20.4 108.8&25.2 114.8
16 19.2 182.8&25.2 184.8
17 19.2 190&24 185.6
18 25.6 10.4&31.6 11.2
19 26.4 50.8&30.8 49.6
20 25.6 52.8&29.2 51.2
21 30.8 95.6&31.6 94.4
22 27.6 102&31.6 98
23 27.2 108.4&29.6 102.4
24 25.6 113.2&26.8 110
25 25.6 117.2&30.8 121.2
26 30.8 121.6&31.6 122.4
27 26.4 152.8&31.6 150
28 27.6 153.6&31.2 156
29 25.6 184.4&31.6 180
30 32 11.2&33.2 10
31 37.6 43.2&38 42.8
32 36.8 45.2&38 44.8
33 34.8 89.2&38 88
34 32 94&36.8 89.6
35 32 97.6&32.8 96
36 32 122.4&36.8 127.6
37 36.8 128&38 129.2
38 37.6 135.2&38 135.2
39 32 150&38 150
40 32 156.4&38 159.6
41 32.8 178.8&38 175.6
42 32 179.6&32.8 179.2
43 38.4 44.4&44.4 42
44 42.4 75.2&44 73.2
45 40.8 82.8&44.4 82.8
46 38.4 87.2&44.4 84
47 42.4 95.2&44 92.4
48 40.8 98.4&42 96
49 39.2 108.4&39.6 108.4
50 39.6 108.8&40.4 109.2
51 38.4 129.2&44.4 132.8
52 38.4 134.8&44.4 135.6
53 38.4 150&42.4 149.6
54 44 159.6&44.4 159.2
55 38.4 160.4&44.4 164.4
56 40.4 168&43.6 166.4
57 38.4 175.2&44.4 173.6
58 44.8 42&50.8 41.2
59 48.4 63.6&48.8 63.2
60 45.6 68&50.8 70
61 45.2 76.4&50.8 70.4
62 44.8 81.6&50.8 81.2
63 44.8 84&46.4 84.4
64 47.2 102&50.8 99.6
65 46.4 103.2&48 103.6
66 48.4 120.8&50.8 120
67 44.8 133.2&46.8 134
68 44.8 135.2&50.8 138
69 48.4 153.2&50.8 152.8
70 44.8 158.8&50.8 156
71 44.8 164&47.6 160
72 44.8 173.6&50.8 174
73 54.8 10&57.2 10
74 53.2 38&57.2 37.6
75 51.2 41.2&57.2 42
76 56.8 63.6&57.2 63.2
77 51.2 70&56.8 64
78 53.6 75.6&57.2 73.6
79 51.2 80.8&54.4 76.8
80 54 89.2&57.2 85.6
81 51.6 95.6&57.2 90.8
82 51.2 98.8&52.8 96.8
83 52.8 114.8&55.2 110
84 51.2 119.2&54.4 115.2
85 51.2 138.4&57.2 140.4
86 52 146.8&57.2 145.6
87 51.2 152&56.4 147.2
88 51.2 155.2&52.4 153.6
89 56 164&57.2 164.8
90 51.2 174&57.2 172.8
91 55.6 191.6&57.2 190.8
92 57.6 37.2&63.6 36.8
93 57.6 42.8&63.6 38.4
94 63.2 48&63.6 48
95 62.8 57.2&63.6 56.8
96 57.6 62.8&63.6 63.6
97 58 70&63.6 66.8
98 57.6 73.2&60 70.4
99 57.6 82.4&62.4 82.4
100 57.6 86&62.8 83.2
101 57.6 90.4&58 89.6
102 63.2 101.2&63.6 100.8
103 62.8 127.6&63.6 127.2
104 57.6 134&63.6 132.4
105 57.6 140&63.6 137.6
106 57.6 145.6&58.8 141.2
107 62.4 159.6&63.6 159.2
108 57.6 165.2&63.6 165.2
109 57.6 172.4&63.6 170.4
110 57.6 190.4&63.6 187.2
111 64 10.4&70 10.8
112 64 36.8&70 36.8
113 64 38.4&70 42
114 64 48&70 49.6
115 64 56.4&70 57.2
116 64 63.6&70 60.4
117 64 66.4&70 67.2
118 65.2 72.8&67.2 70.4
119 67.6 82.8&70 82
120 64.8 86.8&70 89.2
121 65.2 93.2&70 92.4
122 64 100&70 102
123 64 102.4&70 108
124 67.6 114.4&70 114.4
125 67.2 121.2&70 119.2
126 64 126.4&70 122.4
127 64 131.6&66 129.2
128 64 137.2&64.8 135.2
129 64 159.2&70 154.4
130 64 164.4&70 164
131 64 170.4&70 167.6
132 66.8 185.2&70 183.6
133 64 186.8&66.8 185.6
134 70.4 10.8&76.4 10.8
135 70.4 36.8&76.4 38
136 70.4 42&76.4 44
137 70.4 50.8&75.2 46.8
138 70.4 57.2&76.4 55.2
139 70.4 59.6&76.4 60
140 70.4 66.8&76.4 69.6
141 73.6 76.4&76.4 76.4
142 70.4 81.2&76.4 80
143 70.4 84.8&76.4 86
144 70.4 95.6&76.4 95.2
145 70.4 102&76.4 98.4
146 71.2 104.8&76.4 107.2
147 72 114.8&76.4 114
148 70.4 121.2&75.2 115.2
149 73.2 146.8&76.4 146
150 70.4 153.2&76.4 149.6
151 70.4 153.6&76.4 158.4
152 70.4 163.6&76.4 160.8
153 70.4 167.2&71.6 166.4
154 70.4 183.6&76.4 180.8
155 75.6 186.4&76.4 186
156 76.8 11.2&82.8 11.6
157 76.8 40&82.8 43.2
158 77.2 50.8&82.8 50
159 76.8 54.8&81.6 55.6
160 76.8 60&78.8 57.6
161 76.8 69.2&82.8 69.2
162 76.8 74.8&82.4 73.2
163 76.8 79.2&78.8 82
164 76.8 85.6&82.8 84.8
165 76.8 94.8&80.4 91.2
166 76.8 98.4&82.8 100.4
167 76.8 107.2&82.8 106.4
168 76.8 113.2&80.8 108.8
169 76.8 140.4&82.8 140.4
170 76.8 146&82.8 144.4
171 76.8 148&82.8 153.2
172 76.8 158&82.4 153.6
173 76.8 160.8&77.6 160
174 80.8 178.8&82.8 178
175 76.8 180.4&82.8 182.8
176 76.8 186&77.2 185.6
177 83.2 11.2&89.2 11.6
178 83.2 43.2&89.2 42.8
179 83.2 50.8&89.2 46.8
180 88 57.2&89.2 56
181 84.8 62.4&88 57.6
182 83.2 66.4&89.2 64.4
183 83.2 71.2&83.6 71.6
184 83.2 82.8&83.6 82.8
185 83.2 84.8&89.2 87.6
186 88.8 95.6&89.2 95.6
187 83.2 100.4&89.2 101.6
188 83.2 106&89.2 103.2
189 86 119.6&89.2 119.2
190 84 127.6&87.6 122
191 83.2 130&84 128
192 83.2 140.4&89.2 138.8
193 83.2 144.8&87.6 144.4
194 83.2 152.4&89.2 151.2
195 83.2 178&89.2 175.2
196 83.2 182.4&89.2 180
197 89.6 11.6&95.6 11.2
198 90.8 34&93.2 34
199 89.6 42.8&93.6 44.4
200 89.6 46.4&95.6 50
201 89.6 55.6&95.6 57.2
202 90 63.6&95.6 63.2
203 89.6 64&95.6 68
204 89.6 87.6&95.6 88
205 89.6 95.2&95.6 93.2
206 89.6 101.6&95.6 97.6
207 89.6 104&95.6 106.4
208 90.8 114.8&91.6 108.8
209 89.6 119.2&90.8 115.2
210 89.6 139.2&95.6 140.4
211 89.6 151.2&95.6 151.6
212 89.6 175.2&95.6 177.2
213 89.6 179.6&91.2 179.2
214 96 11.2&102 11.2
215 96.4 43.6&102 42.4
216 96 49.6&102 49.6
217 96 56.8&101.2 52.4
218 96 62.8&102 63.2
219 96 68.4&98 68.8
220 101.2 76.4&101.6 76.4
221 101.6 76.8&102 77.2
222 96 89.2&102 88
223 96 92.8&102 94
224 96 97.6&102 100
225 96 106&101.6 108.4
226 99.2 109.6&102 111.2
227 101.2 116&102 117.6
228 96 140.4&102 140.4
229 96.8 140.8&102 140.8
230 96 151.6&102 153.2
231 96 172.4&102 170.4
232 96 177.2&102 175.2
233 102.4 11.2&108.4 11.6
234 107.6 31.6&108.4 31.6
235 102.8 38&108.4 34.4
236 102.4 42.8&108.4 43.2
237 102.4 49.2&108.4 50.4
238 102.4 57.2&108.4 55.6
239 102.4 63.2&108.4 59.6
240 103.6 64&108.4 68
241 102.8 71.6&108.4 76
242 102.4 77.6&108.4 80.8
243 102.4 87.6&108.4 88.4
244 102.4 93.6&108.4 93.2
245 102.4 99.6&108.4 100.4
246 102.4 106.4&108.4 107.6
247 102.4 112.8&108.4 113.2
248 102.4 118&108.4 115.6
249 103.2 123.2&108.4 124.8
250 102.4 133.6&108.4 128.4
251 102.4 139.6&108.4 138.4
252 102.4 144&103.6 140.8
253 102.4 152.4&108.4 152.8
254 102.4 170.4&108.4 168.4
255 102.4 175.2&108.4 172.8
256 108.8 11.6&114.8 12
257 112.8 25.2&114.8 25.2
258 108.8 31.6&114.8 29.2
259 108.8 35.2&114.8 34.4
260 108.8 42.8&114.8 44.4
261 108.8 50&114.8 44.8
262 108.8 55.6&114.8 55.6
263 108.8 59.6&114.8 62
264 108.8 68&111.2 67.2
265 108.8 82.8&114.8 79.6
266 108.8 88.4&114.8 89.2
267 108.8 92.8&114.4 89.6
268 108.8 101.6&114.4 102
269 108.8 107.6&114.8 108.4
270 108.8 113.2&114.8 114.4
271 108.8 124.8&114.8 127.2
272 108.8 128&114.8 132.4
273 108.8 138.8&114.8 136.8
274 108.8 152.8&114.8 151.6
275 113.2 153.6&114.8 153.6
276 114.4 166&114.8 166
277 108.8 172.4&114 166.4
278 115.2 12&121.2 12
279 115.2 25.2&121.2 25.2
280 115.2 29.2&121.2 27.2
281 115.6 32.4&121.2 36.4
282 115.2 44.4&121.2 44
283 115.2 46.4&120.4 44.8
284 115.2 55.6&121.2 57.2
285 115.2 61.2&121.2 62.8
286 115.2 76.4&121.2 76.4
287 115.2 79.6&121.2 81.6
288 115.2 88.8&121.2 85.2
289 115.2 114.4&117.2 113.6
290 115.2 127.2&121.2 124.8
291 115.2 132&121.2 128
292 115.6 136.8&116.8 137.2
293 119.6 142.4&121.2 142
294 115.2 151.6&121.2 153.2
295 115.2 153.6&121.2 155.2
296 115.2 166&121.2 164.4
297 121.6 12&127.6 12
298 125.2 17.6&127.6 18.8
299 121.6 21.6&127.6 24.4
300 121.6 26.4&127.6 31.6
301 121.6 36&127.6 34.4
302 121.6 43.6&127.6 43.6
303 121.6 56.8&127.6 56
304 121.6 62.8&127.6 62.8
305 123.2 64&127.6 70
306 121.6 76.4&127.6 73.6
307 121.6 81.2&127.6 81.2
308 121.6 85.2&126.4 84.8
309 121.6 125.2&127.6 126.4
310 121.6 128&127.6 129.2
311 121.6 142&127.2 140.8
312 121.6 153.2&127.6 152.4
313 121.6 155.2&127.6 156
314 121.6 164&127.6 162.4
315 128 12&132 12.4
316 128 16.4&134 14.4
317 128 24.4&134 22.8
318 128 31.2&134 29.2
319 128 34.4&134 38
320 128 43.6&134 44
321 131.2 44.8&134 45.6
322 128 56&134 57.2
323 128 63.2&134 59.2
324 128 70&134 66.4
325 128 76.4&134 72.8
326 128 81.2&134 81.6
327 129.2 114.4&134 114
328 132.4 119.2&134 120.8
329 128 126.8&134 126.4
330 128 129.6&134 128.4
331 128 140.4&134 138
332 128 152.4&133.2 153.2
333 128 156.4&134 157.6
334 128 162.4&134 160.4
335 135.2 12.4&140.4 12.4
336 134.4 12.8&134.8 12.8
337 134.4 22.4&140.4 23.2
338 134.4 29.2&140.4 30.4
339 134.4 38&138 32
340 134.4 44&140.4 43.6
341 134.4 45.6&140.4 50
342 134.4 57.2&140.4 56.8
343 134.4 58.8&140.4 62.8
344 134.4 66&140.4 68
345 134.4 72.4&137.2 70.4
346 134.4 81.6&140.4 82
347 134.4 114&135.6 114.8
348 134.4 121.2&140.4 120
349 134.4 126.8&140.4 124.4
350 134.4 128.4&140.4 128.4
351 134.4 138&140.4 135.2
352 134.4 157.6&140.4 158.8
353 134.4 160.4&136.8 160
354 137.6 191.6&140.4 191.2
355 144 12.4&146.8 12.4
356 140.8 18.8&146.8 16.4
357 140.8 23.2&146.8 22
358 140.8 28.8&145.2 27.2
359 143.6 36&146.8 37.2
360 140.8 43.6&146.8 43.2
361 140.8 50&146.8 50.8
362 140.8 56.4&146.8 54.8
363 140.8 62.8&146.8 63.6
364 140.8 68&146.4 64
365 142.8 70.8&144.8 70.8
366 140.8 82&146.8 82
367 144.4 108.4&146.4 108.4
368 144.4 114.8&146.4 114.8
369 140.8 120&146.4 121.2
370 140.8 124.4&146.4 125.6
371 140.8 128.4&146.8 131.6
372 140.8 134.8&142 134.4
373 140.8 158.8&146.8 155.2
374 140.8 191.2&146.8 191.6
375 147.2 12&153.2 12
376 147.2 16&153.2 18
377 147.2 21.2&153.2 24
378 148.4 26&153.2 25.6
379 147.2 37.2&153.2 37.6
380 147.2 43.2&153.2 44
381 147.2 50.8&153.2 50
382 147.2 57.2&153.2 56.4
383 147.2 63.2&153.2 58.4
384 147.2 82&148.4 82
385 152.4 114.8&153.2 113.6
386 147.6 121.2&152.8 117.6
387 147.2 124.4&153.2 127.6
388 147.2 131.6&152.8 128
389 151.2 143.6&153.2 143.6
390 147.2 155.2&153.2 155.6
391 147.2 191.6&153.2 190.8
392 153.6 12&159.6 12.4
393 153.6 18&159.6 18.8
394 153.6 25.2&159.6 25.2
395 153.6 38&159.6 37.6
396 153.6 43.2&159.6 44.4
397 153.6 50&159.6 50
398 153.6 55.6&159.6 54.8
399 153.6 58&154 57.6
400 154.4 90.8&159.2 95.6
401 156.4 97.2&159.6 102
402 159.2 108&159.6 104.4
403 153.6 127.6&159.6 125.6
404 153.6 143.6&159.6 143.6
405 153.6 155.6&159.6 159.6
406 158.4 162&158.8 163.6
407 153.6 190.8&159.6 189.6
408 160 12.4&166 12.4
409 160 18.4&166 18.8
410 160 22.8&166 23.6
411 164.4 31.2&166 31.6
412 160 37.6&166 36.8
413 160 41.6&166 40.4
414 160 50.4&166 46.4
415 160 52.4&166 56
416 162.8 58&166 61.2
417 162 95.6&162.8 95.2
418 161.2 102&162 96
419 160 105.6&161.2 107.6
420 160 121.2&161.2 121.2
421 160 125.6&162.4 127.6
422 162.8 128.8&165.2 134
423 165.2 134.4&166 136
424 160 143.6&162.8 143.6
425 160 159.2&166 155.2
426 160 189.6&166 188.8
427 166.4 12&172.4 12
428 166.4 18.8&172.4 15.6
429 166.4 23.6&170.8 25.2
430 166.4 30.4&171.6 29.6
431 166.4 37.2&172.4 36.8
432 166.4 44&172.4 42
433 166.4 46&172.4 47.6
434 166.4 55.6&172.4 56.8
435 166.4 61.6&172.4 63.2
436 170.4 64&172.4 64.8
437 170 89.2&172.4 87.6
438 170.8 89.6&172.4 93.2
439 171.2 102&172.4 100.8
440 166.4 136.8&169.2 140.4
441 169.2 140.8&172.4 144
442 166.4 155.2&172.4 154.4
443 166.8 183.6&170 182
444 166.4 188.8&172.4 188
445 172.8 12&178.8 12
446 172.8 16&178.8 14.8
447 174 31.6&178.8 30.8
448 172.8 36&178.8 32.4
449 172.8 42&178.8 43.2
450 172.8 50&178.8 50.4
451 172.8 56&178.8 54.4
452 172.8 63.6&178.8 59.2
453 172.8 65.2&178.8 66
454 172.8 87.6&178.8 86.4
455 172.8 93.6&178.8 95.6
456 172.8 100.4&175.2 97.2
457 172.8 144.4&176.8 146.8
458 176.8 147.2&178.8 148
459 172.8 154.4&178.8 153.6
460 176.8 185.2&178.8 182
461 172.8 187.6&178.4 186.8
462 179.2 12.4&180 12.4
463 179.2 15.2&185.2 14
464 179.2 30.8&185.2 31.6
465 179.2 32.4&184 32
466 179.2 43.2&180 42.4
467 179.2 50.4&185.2 50.8
468 179.2 54.8&185.2 57.2
469 179.2 63.6&185.2 60
470 179.2 66&185.2 66.4
471 179.2 86&185.2 84.4
472 179.2 95.2&185.2 94.8
473 179.2 148&185.2 152.8
474 179.2 153.6&180.4 153.6
475 179.2 182&185.2 180
476 185.6 14&191.6 14
477 185.6 31.6&186.4 30
478 185.6 46&191.6 50
479 185.6 51.6&191.6 56.8
480 185.6 62.4&191.6 63.2
481 185.6 68.4&191.6 64.8
482 186.4 72.8&189.2 74.4
483 186.8 82.8&191.6 80
484 185.6 83.6&191.6 89.2
485 185.6 94&191.6 92.8
486 185.6 152.8&191.6 152
487 190 156.4&191.6 155.2
488 190.8 160&191.2 160.8
489 185.6 180&191.6 184.4
490 186.4 191.6&191.6 190.8
