1 148.8 10&150.4 12.4
2 158 11.6&159.6 12.4
3 165.6 10.4&166 12.4
4 127.2 16&127.6 18.8
5 134 13.6&131.6 18.8
6 146.8 14.4&143.6 18.8
7 150.4 12.8&151.2 18.8
8 154.8 16.4&159.6 18.8
9 170.8 12.8&166.4 18.8
10 178 12.8&177.2 16.4
11 180.4 12.8&180.8 15.2
12 190 13.6&186.4 14.4
13 127.6 19.2&126.4 25.2
14 128.8 19.2&130 24.4
15 146.8 19.2&141.6 25.2
16 150.8 19.2&149.2 25.2
17 159.2 19.2&154.4 25.2
18 165.6 19.2&166 23.6
19 166.8 23.6&170.8 25.2
20 112.8 25.6&112.4 31.6
21 121.2 25.6&120 31.6
22 126.4 25.6&127.6 31.6
23 130.4 26&128 31.2
24 140.4 26.8&138.4 31.6
25 142 25.6&141.2 28.8
26 153.2 25.6&150 26.4
27 171.2 25.6&170.4 31.6
28 178.8 30.8&174.4 31.6
29 184.8 26.8&185.2 31.6
30 57.2 37.6&54.8 38
31 63.6 36.8&62 37.2
32 68 36.4&70 36.8
33 72 36.8&76.4 38
34 92.8 32.4&92.4 34.8
35 107.6 32&103.2 38
36 113.6 32&112 38
37 119.6 32&116.4 35.6
38 127.2 32&122.4 37.2
39 138 32&137.2 38
40 144.8 35.6&146.8 37.2
41 153.2 34.8&151.6 38
42 158.8 34.4&156.4 38
43 166 32&165.2 38
44 170 32&172 38
45 178.8 32.4&172.8 36
46 184 32&179.6 32.4
47 38 42.8&37.6 43.2
48 44.4 40&38.8 44.4
49 50.8 38.8&48.8 42.4
50 52.8 38.4&51.2 41.2
51 63.6 38.4&62 38.8
52 71.6 38.4&76 44.4
53 77.6 38.4&81.6 44.4
54 83.2 41.2&85.2 44.4
55 90 42.8&93.6 44.4
56 102 39.6&99.6 44.4
57 102.8 38.4&106 44.4
58 112 38.4&114.8 44.4
59 115.6 40.8&120.8 44.4
60 128.8 38.4&130.8 44.4
61 141.2 40&146 44.4
62 152.4 38.4&152.8 44.4
63 156.8 38.4&159.6 44.4
64 166 38.4&162.8 44.4
65 171.6 38.4&169.6 44.4
66 30.8 49.6&29.6 50.8
67 38 44.8&37.2 45.6
68 65.6 47.6&68.4 50
69 71.2 46.8&70.8 50.8
70 82 44.8&81.6 50.8
71 85.6 44.8&84 50.8
72 99.6 44.8&101.6 50.8
73 106 44.8&108 50.8
74 114.8 44.8&108.8 50
75 120.4 44.8&119.2 50.8
76 132.4 44.8&134 45.6
77 135.2 45.6&138 50.8
78 146.4 44.8&146.8 50.8
79 152 44.8&152.4 50.8
80 159.6 44.8&156.4 50.8
81 165.2 44.8&164.8 50.8
82 169.6 44.8&171.6 50.8
83 182 48&185.2 50.8
84 190.4 47.2&191.2 50.8
85 25.2 51.6&20.8 56.4
86 29.2 51.2&26.4 52.8
87 63.6 56.4&63.2 57.2
88 68.8 51.6&70 57.2
89 76.4 51.2&72.4 57.2
90 80.8 51.2&79.6 52
91 91.6 56.8&95.6 57.2
92 100.8 51.6&96 56.8
93 107.6 51.2&108.4 55.6
94 114.8 52&113.6 56.8
95 119.6 51.2&121.2 57.2
96 128.4 54&134 57.2
97 138 51.2&140 57.2
98 146.8 51.2&143.2 57.2
99 152 51.2&151.6 57.2
100 159.2 51.2&154.4 57.2
101 165.2 51.2&165.6 57.2
102 172 51.2&171.6 57.2
103 172.8 51.6&175.2 55.2
104 191.6 51.2&186.4 57.2
105 57.2 63.2&56.8 63.6
106 62.8 57.6&63.6 63.6
107 70 57.6&67.2 63.6
108 72 57.6&70.4 59.6
109 95.2 57.6&90 63.6
110 101.2 61.2&102 63.2
111 108.4 59.2&103.6 63.6
112 114.4 57.6&114.8 62
113 120.8 57.6&121.2 62.8
114 127.6 58.8&126.4 63.6
115 134 57.6&128.8 63.2
116 139.6 57.6&139.2 63.6
117 150.8 57.6&147.2 63.2
118 154 57.6&153.6 58
119 172.4 57.6&170.4 63.6
120 172.8 58&173.6 63.6
121 184.8 57.6&179.6 63.6
122 188.8 57.6&191.2 63.6
123 56.8 64&51.2 70
124 63.6 64&60.4 70
125 66.4 64&64 66.4
126 82.8 65.2&80.8 70
127 89.2 64.4&83.6 70
128 104.8 64&108.4 68
129 109.2 66.4&110.8 68.4
130 126 64&127.6 70
131 128 65.2&131.6 70
132 138.8 64&138 70
133 146.4 64&140.8 68
134 170.8 64&172.4 64.8
135 178.8 64&177.6 66.4
136 184.8 64&182.8 66.8
137 191.2 64&187.6 70
138 50.8 70.4&45.6 76.4
139 57.2 70.4&54.8 76.4
140 60 70.4&57.6 73.2
141 80.8 70.4&78.8 76.4
142 104 70.4&107.2 76.4
143 127.2 70.4&121.6 76.4
144 131.6 70.4&128.8 76.4
145 137.2 70.4&134.8 72.4
146 187.6 70.4&188.8 75.2
147 15.2 79.2&13.2 82.8
148 44.4 77.6&41.2 82.8
149 45.2 76.8&50.8 81.2
150 54.4 76.8&51.2 80.8
151 70 79.6&69.6 82.8
152 76 76.8&75.2 82.8
153 78.8 76.8&76.8 79.2
154 107.6 76.8&105.2 82.8
155 114.8 76.8&109.2 82.8
156 120.8 76.8&119.6 82.8
157 128 76.8&134 81.6
158 137.2 81.6&140.4 82
159 144.4 81.6&146.8 82
160 40.8 83.2&38.4 87.2
161 69.2 83.2&70 89.2
162 74.8 83.2&73.2 89.2
163 86.4 84&89.2 87.6
164 91.2 83.2&94.8 89.2
165 102 84.8&100.4 89.2
166 108.4 83.2&106.8 89.2
167 113.2 83.2&112.4 89.2
168 119.2 83.2&115.2 86.4
169 172.4 87.6&170.8 89.2
170 178.8 86&173.6 88
171 184.8 83.6&179.2 86
172 12.8 89.6&14 95.6
173 31.6 94&30.8 95.6
174 36.8 89.6&32.8 95.6
175 70 89.6&67.6 95.6
176 72.8 89.6&76 95.6
177 95.6 89.6&92.8 95.6
178 104.8 89.6&106 95.6
179 112 89.6&110 95.6
180 162.8 94.8&162.4 95.6
181 171.6 89.6&172.4 90
182 173.6 90&178.8 91.2
183 185.2 90.8&184.4 91.2
184 191.2 89.6&186.8 94.8
185 14 96&16.4 102
186 30.8 96&29.6 102
187 32.8 96&32 97.6
188 75.6 96&70.4 102
189 79.2 96&81.6 102
190 88.8 96&86.8 102
191 92.4 96&95.2 102
192 102 96.4&100.4 102
193 105.6 96&104.4 102
194 110 96&114.4 102
195 156.8 97.2&159.6 102
196 162 96&161.2 102
197 16.8 102.4&18.8 106.4
198 19.2 106.4&20.4 108.4
199 29.6 102.4&27.2 108.4
200 68.8 102.4&69.6 108.4
201 76.4 102.8&76 104
202 82.8 102.4&80.8 108.4
203 86.4 102.4&85.6 106.4
204 95.6 102.4&92.4 108.4
205 100 102.4&101.6 108.4
206 104.4 102.4&106.8 108.4
207 114.4 102.4&114.8 108.4
208 145.6 104.4&146.4 108.4
209 20.8 108.8&25.2 114.8
210 26.8 108.8&25.6 113.2
211 55.2 109.6&54.8 114.8
212 68.8 108.8&68 114.8
213 76.4 109.2&75.6 114.8
214 80.8 108.8&76.8 113.2
215 91.6 108.8&91.2 114.8
216 101.6 108.8&100.8 114.8
217 106.8 108.8&107.2 114.8
218 117.2 113.6&115.6 114.4
219 25.6 116&30.8 121.2
220 50.8 116.8&48.4 120.8
221 54.4 115.2&51.2 119.2
222 75.2 115.2&70.4 121.2
223 89.2 116.8&87.6 121.2
224 90.8 115.2&89.6 119.2
225 101.2 115.2&102 117.6
226 108 115.2&104.4 120
227 133.2 117.2&132.8 121.2
228 134.4 118.8&136.8 121.2
229 148.4 117.2&148 121.2
230 160.8 120.4&161.2 121.2
231 31.2 121.6&31.6 122.4
232 32.4 122.4&36.8 127.6
233 63.6 126.4&63.2 127.6
234 68.4 121.6&66 127.6
235 87.6 121.6&84 127.6
236 103.6 123.2&108.4 124.8
237 118.4 124.4&118.8 127.6
238 132.8 121.6&131.2 127.6
239 136.8 121.6&137.6 127.6
240 146.4 121.6&145.6 127.6
241 148 121.6&153.2 127.6
242 159.6 125.6&153.6 127.6
243 161.2 121.6&162.4 127.6
244 37.2 128&38 129.2
245 38.8 129.2&44.4 132.8
246 44.8 132.8&46.8 134
247 66 128&64 131.6
248 84 128&83.2 130
249 108.4 128&104.8 134
250 112 128&112.8 134
251 121.2 128&117.6 130.8
252 122 128&127.6 129.2
253 133.2 128&131.6 129.6
254 139.6 128&140.4 128.4
255 145.6 128&142.8 134
256 152.8 128&147.2 131.6
257 162.8 128&165.2 134
258 47.6 134.4&50.8 138
259 60.8 134.4&57.6 140
260 80.8 135.2&82.8 140.4
261 84 137.2&83.2 140.4
262 90 139.2&95.6 140.4
263 102 134.4&99.6 140.4
264 108 134.4&103.6 140.4
265 112.8 134.4&108.8 138.8
266 134 138&129.6 140.4
267 140.4 134.8&134.4 138
268 142 134.4&141.2 134.8
269 165.6 134.4&166 136
270 166.4 136&169.2 140.4
271 57.2 140.8&56.4 146.8
272 58 145.2&57.6 145.6
273 76.4 140.8&73.6 146.8
274 76.8 140.8&78.4 146.8
275 83.6 140.8&87.2 146.8
276 99.2 140.8&98.8 141.6
277 103.6 140.8&102.4 144
278 121.2 142&120.8 142.4
279 127.2 140.8&121.6 142
280 169.6 140.8&172.4 144
281 172.8 144&176.8 146.8
282 50.8 149.2&50.4 153.2
283 56.4 147.2&52.4 153.2
284 74.8 147.2&75.2 153.2
285 79.6 147.2&82.8 153.2
286 88.4 147.2&85.2 152.4
287 89.6 147.6&95.6 151.6
288 96.4 149.6&102 153.2
289 104.4 150.4&108.4 152.8
290 110 150.8&112.8 153.2
291 123.2 151.6&127.6 152.4
292 128.8 152.4&133.2 153.2
293 177.6 147.2&178.8 148
294 179.6 148&184.4 153.2
295 186.4 150.4&190.8 153.2
296 35.2 158&38 159.6
297 44.4 158.8&44 159.6
298 50.4 153.6&48 159.6
299 52.4 153.6&51.2 155.2
300 63.6 159.2&63.2 159.6
301 70 154&68 159.6
302 82.4 153.6&78 159.6
303 115.6 153.6&121.2 155.2
304 122 155.2&127.6 156
305 136 153.6&138.8 159.6
306 141.6 154.4&144 158.8
307 150.4 155.2&153.2 155.6
308 166 155.2&160 159.2
309 172.4 154.4&167.6 155.2
310 178.8 153.6&173.6 154.4
311 191.6 154.8&190.8 156
312 44 160&43.6 166
313 47.6 160&44.8 164
314 62.4 160&63.2 166
315 68 160&67.6 166
316 72.8 160&72 166
317 77.6 160&76.8 160.8
318 121.2 164.4&115.6 166
319 127.6 162.4&122.4 164
320 134 160.4&128 162.4
321 136.8 160&134.8 160.4
322 43.6 166.4&42.4 172.4
323 62.8 166.4&58.4 172.4
324 67.2 166.4&64 170.4
325 71.6 166.4&70.4 167.2
326 102 170.4&96.4 172.4
327 108.4 168.4&102.4 170.4
328 114 166.4&110 172.4
329 38 175.6&33.6 178.8
330 42.8 172.8&38.8 175.2
331 44.8 173.6&50.8 174
332 57.2 172.8&51.6 174
333 82.8 178&81.6 178.8
334 89.2 175.2&83.2 178
335 95.6 172.8&92 178.8
336 101.6 174.8&96 177.2
337 108.4 172.8&102.4 175.2
338 14 179.2&18.8 182.8
339 19.6 182.8&24.8 185.2
340 31.6 179.6&26 184.4
341 32.8 179.2&32.4 179.6
342 70 183.6&67.6 185.2
343 76.4 180.8&70.4 183.6
344 80.4 179.2&78 185.2
345 89.2 180&84.4 182.4
346 91.2 179.2&90.4 179.6
347 178.8 182&176.8 185.2
348 185.2 180&179.2 182
349 186.8 180&190.8 184.8
350 10.4 185.6&12.4 187.2
351 12.8 187.2&16.4 191.6
352 24 185.6&19.2 190
353 57.2 190.4&56 191.6
354 63.6 186.8&58 190.4
355 66.8 185.6&64.4 186.8
356 76.4 186&75.6 186.4
357 77.2 185.6&76.8 186
358 140.4 191.2&140 191.6
359 145.2 190.8&146.8 191.6
360 153.2 190.8&147.2 191.6
361 159.6 189.6&155.2 190.8
362 166 188.8&160.8 189.6
363 172.4 188&167.2 189.2
364 176.4 185.6&174 187.6
365 191.6 190.4&188.4 191.6
