start
1 0 171.2
1 0.4 171.2
1 0.8 171.6
1 1.2 171.6
1 1.6 172
1 2 172.4
1 2.4 172.4
1 2.8 172.4
end
start
2 2.8 172.8
2 3.2 173.2
2 3.6 173.2
2 4 173.6
2 4.4 173.6
2 4.8 174
2 5.2 174
2 5.6 174.4
2 6 174.4
end
start
3 0 179.6
3 0.4 180
3 0.8 180
3 1.2 180.4
3 1.6 180.4
3 2 180.8
3 2.4 180.8
3 2.8 181.2
3 3.2 181.6
3 3.6 181.6
3 4 182
3 4.4 182.4
3 4.8 182.4
3 5.2 182.8
3 5.6 183.2
3 6 183.2
end
start
4 6.4 174.8
4 6.8 175.2
4 7.2 175.2
4 7.6 175.6
4 8 176
4 8.4 176.4
4 8.8 176.4
4 9.2 176.8
4 9.6 176.8
4 10 177.2
4 10.4 177.6
4 10.8 177.6
4 11.2 178
4 11.6 178
4 12 178.4
4 12.4 178.8
end
start
5 6.4 183.6
5 6.8 183.6
5 7.2 184
5 7.6 184.4
5 8 184.4
5 8.4 184.8
5 8.8 185.2
5 9.2 185.2
5 9.6 185.2
end
start
6 9.6 185.6
6 10 185.6
6 10.4 186
6 10.8 186.4
6 11.2 186.4
6 11.6 186.8
6 12 186.8
6 12.4 187.2
end
start
7 12.8 82.8
7 13.2 82.8
7 13.6 81.2
7 14 80.8
7 14.4 80.4
7 14.8 80
7 15.2 79.6
end
start
8 14 96
8 14.4 97.2
8 14.8 98.4
8 15.2 99.6
8 15.6 100.4
8 16 101.6
8 16.4 102
end
start
9 16.4 102.4
9 16.8 103.2
9 17.2 104
9 17.6 104.4
9 18 105.2
9 18.4 105.6
9 18.8 106.4
end
start
10 13.2 179.2
10 13.6 179.2
10 14 179.6
10 14.4 179.6
10 14.8 180
10 15.2 180.4
10 15.6 180.4
10 16 180.8
10 16.4 181.2
10 16.8 181.2
10 17.2 181.6
10 17.6 182
10 18 182
10 18.4 182.4
10 18.8 182.8
end
start
11 12.8 187.6
11 13.2 187.6
11 13.6 188
11 14 188.4
11 14.4 188.4
11 14.8 188.8
11 15.2 189.2
11 15.6 189.2
11 16 189.6
11 16.4 191.6
11 16.8 190
11 17.2 190
11 17.6 190.4
11 18 190.4
11 18.4 190
11 18.8 190.4
end
start
12 20.4 55.6
12 20.8 56.4
12 21.2 56
12 21.6 55.6
12 22 55.6
12 22.4 55.2
12 22.8 54.8
12 23.2 54.8
12 24.4 52
12 24.8 52.8
12 25.2 53.2
end
start
13 20.4 108.8
13 20.8 109.6
13 21.2 110
13 21.6 110.8
13 22 111.2
13 22.4 112
13 22.8 112.4
13 23.2 112.8
13 23.6 113.6
13 24 114
13 24.4 114.4
13 24.8 114.8
13 25.2 114.8
end
start
14 19.2 182.8
14 19.6 183.2
14 20 183.6
14 20.4 184
14 20.8 184.4
14 21.2 184.4
14 21.6 184.8
14 22 184.8
14 22.4 185.2
14 24 185.2
14 24.4 185.2
14 24.8 185.2
14 25.2 184.8
end
start
15 19.2 190
15 19.6 189.6
15 20 189.2
15 20.4 189.2
15 20.8 188.8
15 21.2 188.4
15 21.6 188
15 22 187.6
15 22.4 187.2
15 22.8 186.8
15 23.2 186.4
15 23.6 186
15 24 185.6
end
start
16 26.4 50.8
16 26.8 50.8
16 29.2 50.8
16 29.6 50.8
16 30 50.4
16 30.4 50
16 30.8 49.6
end
start
17 25.6 52.8
17 26 52.8
17 26.4 52.8
17 26.8 52.4
17 27.2 52.4
17 27.6 52
17 28 52
17 28.4 51.6
17 28.8 51.6
17 29.2 51.2
end
start
18 27.6 102
18 28 101.6
18 28.4 100.8
18 28.8 100
18 29.2 99.2
18 29.6 102
18 30 101.2
18 30.4 100.4
18 30.8 99.6
18 31.2 98.8
18 31.6 98
end
start
19 27.2 108.4
19 27.6 107.2
19 28 106.4
19 28.4 105.6
19 28.8 104.4
19 29.2 103.2
19 29.6 102.4
end
start
20 25.6 117.2
20 26 117.6
20 26.4 118
20 26.8 118.4
20 27.2 118.8
20 27.6 119.2
20 28 119.2
20 28.4 119.6
20 28.8 120
20 29.2 120.4
20 29.6 120.8
20 30 120.8
20 30.4 121.2
20 30.8 121.2
end
start
21 25.6 184.4
21 26 184.4
21 26.4 184
21 26.8 183.6
21 27.2 183.2
21 27.6 182.8
21 28 182.8
21 28.4 182.4
21 28.8 182
21 29.2 181.6
21 29.6 181.6
21 30 181.2
21 30.4 180.8
21 30.8 180.4
21 31.2 180.4
21 31.6 180
end
start
22 34.8 89.2
22 35.2 89.2
22 35.6 88.4
22 36 88
22 36.4 87.6
22 36.8 89.2
22 37.2 89.2
22 37.6 88.4
22 38 88
end
start
23 32 94
23 32.4 93.6
23 32.8 95.6
23 33.2 95.2
23 33.6 94.4
23 34 94
23 34.4 93.2
23 34.8 92.8
23 35.2 92
23 35.6 91.2
23 36 90.8
23 36.4 90.4
23 36.8 89.6
end
start
24 32 122.4
24 32.4 122.8
24 32.8 123.2
24 33.2 123.6
24 33.6 124
24 34 124.4
24 34.4 124.8
24 34.8 125.6
24 35.2 126.4
24 35.6 126.8
24 36 127.2
24 36.4 127.6
24 36.8 127.6
end
start
25 35.2 158.4
25 35.6 158.8
25 36 158.8
25 36.4 158.8
25 36.8 159.2
25 37.2 159.2
25 37.6 159.6
25 38 159.6
end
start
26 32.8 178.8
26 33.2 178.8
26 33.6 178.8
26 34 178.4
26 34.4 178
26 34.8 178
26 35.2 177.6
26 35.6 177.2
26 36 177.2
26 36.4 176.8
26 36.8 176.4
26 37.2 176.4
26 37.6 176
26 38 175.6
end
start
27 38.4 44.4
27 38.8 44.4
27 39.2 43.6
27 39.6 43.6
27 40 43.6
27 40.4 43.6
27 40.8 43.6
27 41.2 43.2
27 41.6 43.2
27 42 42.8
27 42.4 42.8
27 42.8 42.8
27 43.2 42.4
27 43.6 42.4
27 44 42.4
27 44.4 42
end
start
28 40.8 82.8
28 41.2 82.8
28 41.6 82.4
28 42 81.6
28 42.4 81.2
28 42.8 80.4
28 43.2 80
28 43.6 79.2
28 44 78.8
28 44.4 78.4
end
start
29 38.4 87.2
29 38.8 86.4
29 39.2 85.6
29 39.6 85.2
29 40 84.8
29 40.4 84
29 40.8 83.2
end
start
30 38.4 129.2
30 38.8 129.6
30 39.2 129.6
30 39.6 130
30 40 130.4
30 40.4 130.8
30 40.8 131.2
30 41.2 131.2
30 41.6 131.6
30 42 131.6
30 42.4 132
30 42.8 132
30 43.2 132
30 43.6 132.4
30 44 132.4
30 44.4 132.8
end
start
31 38.4 160.4
31 38.8 160.4
31 39.2 160.8
31 39.6 160.8
31 40 161.6
31 40.4 166
31 40.8 164.8
31 41.2 163.6
31 41.6 163.2
31 42 166
31 42.4 165.2
31 42.8 164.4
31 43.2 163.6
31 43.6 166
31 44 165.2
31 44.4 164.4
end
start
32 40.4 168
32 40.8 171.2
32 41.2 172
32 41.6 172.4
32 42 172.4
32 42.4 172.4
32 42.8 168.4
32 43.2 167.2
32 43.6 166.4
end
start
33 38.4 175.2
33 38.8 175.2
33 39.2 174.8
33 39.6 174.8
33 40 174.4
33 40.4 174
33 40.8 174
33 41.2 173.6
33 42.4 172.8
33 42.8 172.8
33 43.2 173.2
33 43.6 173.2
33 44 173.6
33 44.4 173.6
end
start
34 44.8 42
34 45.2 41.6
34 45.6 41.6
34 46 42.4
34 46.4 42
34 46.8 42
34 47.2 41.6
34 47.6 41.2
34 48 40.8
34 48.4 42.4
34 48.8 42.4
34 49.2 42
34 49.6 42
34 50 42
34 50.4 41.2
34 50.8 41.2
end
start
35 45.2 76.4
35 45.6 76.4
35 46 76
35 46.4 75.6
35 46.8 75.2
35 47.2 74.8
35 47.6 74
35 48 73.6
35 48.4 73.2
35 48.8 72.8
35 49.2 72.4
35 49.6 71.6
35 50 71.2
35 50.4 70.8
35 50.8 70.4
end
start
36 48.4 120.8
36 48.8 120.4
36 49.2 119.6
36 49.6 118.8
36 50 119.6
36 50.4 120
36 50.8 120
end
start
37 44.8 133.2
37 45.2 133.2
37 45.6 133.6
37 46 134
37 46.4 134
37 46.8 134
end
start
38 46.8 134.4
38 47.2 134.4
38 47.6 134.8
38 48 135.2
38 48.4 135.6
38 48.8 136
38 49.2 136.4
38 49.6 137.2
38 50 137.6
38 50.4 138
38 50.8 138
end
start
39 48.4 153.2
39 48.8 153.2
39 49.2 152.4
39 49.6 152
39 50 151.2
39 50.4 153.2
39 50.8 152.8
end
start
40 44.8 158.8
40 45.2 158.4
40 45.6 157.6
40 46 159.6
40 46.4 159.2
40 46.8 158.8
40 47.2 158.4
40 47.6 159.6
40 48 159.6
40 48.4 159.2
40 48.8 158.4
40 49.2 158
40 49.6 157.6
40 50 156.8
40 50.4 156.4
40 50.8 156
end
start
41 44.8 164
41 45.2 163.2
41 45.6 162.8
41 46 162.4
41 46.4 161.6
41 46.8 161.2
41 47.2 160.8
41 47.6 160
end
start
42 44.8 173.6
42 45.2 174
42 45.6 174
42 46 174
42 46.4 174
42 46.8 174
42 47.2 174
42 47.6 174
42 48 174
42 48.4 174
42 48.8 174
42 49.2 174
42 49.6 174
42 50 174
42 50.4 174
42 50.8 174
end
start
43 53.2 38
43 53.6 38
43 54 38
43 54.4 38
43 54.8 38
43 55.2 37.6
43 55.6 37.6
43 56 37.6
43 56.4 37.6
43 56.8 37.6
43 57.2 37.6
end
start
44 51.2 41.2
44 51.6 40.8
44 52 40.8
44 52.4 40.8
44 52.8 40.4
44 53.2 40.4
44 53.6 40
44 54 40
44 54.4 39.6
44 54.8 39.6
44 55.2 39.6
44 55.6 39.6
44 56 39.6
44 56.4 39.2
44 56.8 39.2
44 57.2 39.2
end
start
45 51.2 70
45 51.6 69.6
45 52 69.2
45 52.4 68.4
45 52.8 68
45 53.2 67.6
45 53.6 67.2
45 54 66.4
45 54.4 66
45 54.8 65.6
45 55.2 65.2
45 55.6 64.8
45 56 64.4
45 56.4 64
45 56.8 64
end
start
46 53.6 75.6
46 54 75.2
46 54.4 76.4
46 54.8 76.4
46 55.2 75.6
46 55.6 75.2
46 56 74.8
46 56.4 74
46 56.8 73.6
46 57.2 73.6
end
start
47 51.2 80.8
47 51.6 80.4
47 52 80
47 52.4 79.6
47 52.8 78.8
47 53.2 78.4
47 53.6 78
47 54 77.2
47 54.4 76.8
end
start
48 52.8 114.8
48 53.2 114.4
48 53.6 114
48 54 111.6
48 54.4 114.8
48 54.8 114.8
48 55.2 110
end
start
49 51.2 119.2
49 51.6 118.8
49 52 118.4
49 52.4 118
49 52.8 117.6
49 53.2 116.8
49 53.6 116.4
49 54 115.6
49 54.4 115.2
end
start
50 51.2 138.4
50 51.6 138.4
50 52 138.8
50 52.4 138.8
50 52.8 138.8
50 53.2 139.2
50 53.6 139.6
50 54 139.6
50 54.4 140
50 54.8 140
50 55.2 140.4
50 56.8 138.8
50 57.2 140.4
end
start
51 52 146.8
51 52.4 146.8
51 52.8 146
51 53.2 145.6
51 53.6 144.8
51 54 146.8
51 54.4 146
51 54.8 145.2
51 55.2 144.8
51 55.6 144
51 56 143.6
51 56.4 146.8
51 56.8 145.6
51 57.2 145.6
end
start
52 51.2 152
52 51.6 151.6
52 52 150.4
52 52.4 153.2
52 52.8 152.8
52 53.2 152.4
52 53.6 152
52 54 151.2
52 54.4 150.8
52 54.8 149.6
52 55.2 148.8
52 55.6 148.4
52 56 148
52 56.4 147.2
end
start
53 51.2 174
53 51.6 174
53 52 173.6
53 52.4 173.6
53 52.8 173.6
53 53.2 173.6
53 53.6 173.6
53 54 173.6
53 54.4 173.2
53 54.8 173.2
53 55.2 173.2
53 55.6 173.2
53 56 172.8
53 56.4 172.8
53 56.8 172.8
53 57.2 172.8
end
start
54 55.6 191.6
54 56 191.6
54 56.4 191.2
54 56.8 191.2
54 57.2 190.8
end
start
55 57.6 37.2
55 58 37.2
55 58.4 37.2
55 58.8 37.2
55 59.2 37.2
55 59.6 37.2
55 60 37.2
55 60.4 37.2
55 60.8 37.2
55 61.2 37.2
55 61.6 37.2
55 62 37.2
55 62.4 36.8
55 62.8 36.8
55 63.2 36.8
55 63.6 36.8
end
start
56 57.6 38.8
56 58 38.8
56 58.4 38.8
56 58.8 38.8
56 59.2 38.8
56 59.6 38.8
56 60 38.8
56 60.4 38.8
56 60.8 38.8
56 61.2 38.8
56 61.6 38.8
56 62 38.8
56 62.4 38.4
56 62.8 38.4
56 63.2 38.4
56 63.6 38.4
end
start
57 57.6 62.8
57 58 62.8
57 58.4 62.4
57 58.8 62
57 59.2 61.6
57 59.6 60.8
57 60 60.4
57 60.4 60
57 60.8 59.6
57 61.2 59.2
57 61.6 58.8
57 62 58.4
57 62.4 58
57 62.8 57.6
57 63.6 63.6
end
start
58 58 70
58 58.4 70
58 58.8 69.6
58 59.2 69.2
58 59.6 68.8
58 60 70
58 60.4 70
58 60.8 69.6
58 61.2 68.8
58 61.6 68.4
58 62 68
58 62.4 67.6
58 62.8 67.2
58 63.2 67.2
58 63.6 66.8
end
start
59 57.6 73.2
59 58 72.4
59 58.4 72
59 58.8 71.6
59 59.2 71.2
59 59.6 70.8
59 60 70.4
end
start
60 59.2 134
60 59.6 134
60 60 133.2
60 60.4 132.8
60 60.8 134
60 61.2 133.6
60 61.6 133.2
60 62 132.4
60 62.4 134
60 62.8 134
60 63.2 133.2
60 63.6 132.4
end
start
61 57.6 140
61 58 139.2
61 58.4 138.8
61 58.8 138
61 59.2 137.6
61 59.6 136.8
61 60 136
61 60.4 135.2
61 60.8 134.4
end
start
62 57.6 165.2
62 58 165.2
62 58.4 165.2
62 58.8 165.6
62 59.2 165.6
62 59.6 165.6
62 60 161.6
62 60.4 161.2
62 60.8 166
62 61.2 166
62 61.6 165.6
62 62 165.2
62 62.4 164.8
62 62.8 166
62 63.2 166
62 63.6 165.2
end
start
63 57.6 172.4
63 58 172.4
63 58.4 172.4
63 58.8 172
63 59.2 172
63 59.6 172
63 60 171.6
63 60.4 171.6
63 60.8 171.6
63 61.2 171.2
63 61.6 171.2
63 62 170.8
63 62.4 170.8
63 62.8 170.8
63 63.2 170.4
63 63.6 170.4
end
start
64 57.6 190.4
64 58 190.4
64 58.4 190
64 58.8 190
64 59.2 189.6
64 59.6 189.6
64 60 189.2
64 60.4 189.2
64 60.8 188.8
64 61.2 188.4
64 61.6 188
64 62 188
64 62.4 187.6
64 62.8 187.6
64 63.2 187.2
64 63.6 187.2
end
start
65 64 36.8
65 64.4 36.8
65 64.8 36.8
65 65.2 36.8
65 65.6 36.8
65 66 36.8
65 66.4 36.8
65 66.8 36.8
65 67.2 36.8
65 67.6 36.8
65 68 36.4
65 68.4 36.8
65 68.8 36.8
65 69.2 36.8
65 69.6 36.8
65 70 36.8
end
start
66 64 38.4
66 64.4 38.4
66 64.8 38.4
66 65.2 38.4
66 65.6 38.4
66 66 38.4
66 66.4 38.4
66 66.8 38.4
66 67.2 38.4
66 67.6 41.2
66 68 41.2
66 68.4 41.2
66 68.8 41.6
66 69.2 41.6
66 69.6 41.6
66 70 42
end
start
67 64 48
67 64.4 48.4
67 64.8 48
67 65.2 48
67 65.6 48
67 66 48
67 66.4 48.4
67 66.8 48.4
67 67.2 48.8
67 67.6 49.6
67 68 49.6
67 68.4 50
67 68.8 49.6
67 69.2 49.6
67 69.6 49.6
67 70 49.6
end
start
68 64 56.4
68 64.4 56
68 64.8 55.2
68 65.2 54.8
68 65.6 54.4
68 66 54
68 66.4 53.6
68 66.8 53.2
68 67.2 52.8
68 67.6 52.4
68 68 52.4
68 68.4 52
68 68.8 51.6
68 70 57.2
end
start
69 64 63.6
69 64.4 63.2
69 64.8 62.8
69 65.2 62.4
69 65.6 62
69 66 61.2
69 66.4 63.6
69 66.8 63.6
69 67.2 63.6
69 67.6 63.2
69 68 62.8
69 68.4 62.4
69 68.8 62
69 69.2 61.6
69 69.6 61.2
69 70 60.4
end
start
70 64 66.4
70 64.4 66
70 64.8 65.6
70 65.2 64.8
70 65.6 64.4
70 66 64.4
70 66.4 64
end
start
71 67.6 82.8
71 68 82.4
71 68.4 81.6
71 68.8 81.2
71 69.2 82.8
71 69.6 82.8
71 70 82
end
start
72 66.8 87.6
72 67.2 88.8
72 67.6 89.2
72 68.4 86
72 68.8 87.6
72 69.2 83.6
72 70 89.2
end
start
73 65.2 93.2
73 65.6 95.2
73 66 95.6
73 66.4 91.6
73 66.8 91.6
73 67.2 95.2
73 67.6 95.6
73 68 92.8
73 68.4 92.8
73 68.8 92.8
73 69.2 92.4
73 69.6 92.4
73 70 92.4
end
start
74 66 96
74 66.4 96.8
74 66.8 97.2
74 67.2 97.6
74 67.6 98
74 68 98.8
74 68.4 101.6
74 68.8 102
74 69.2 96.4
74 69.6 96.4
74 70 102
end
start
75 67.2 105.6
75 67.6 107.2
75 68 108
75 68.4 108.4
75 68.8 102.4
75 69.2 103.2
75 69.6 108.4
75 70 108
end
start
76 67.6 114.4
76 68 114.8
76 68.4 112
76 68.8 111.6
76 69.2 111.2
76 69.6 112.8
76 70 114.4
end
start
77 67.2 121.2
77 67.6 120.8
77 68 120
77 68.4 119.6
77 68.8 121.2
77 69.2 120.8
77 69.6 120.4
77 70 119.2
end
start
78 64 126.4
78 64.4 127.6
78 64.8 127.6
78 65.2 124.4
78 65.6 126
78 66 127.6
78 66.4 127.2
78 66.8 127.2
78 67.2 126.4
78 67.6 126
78 68 124.8
78 68.4 124.4
78 68.8 124
78 69.2 123.6
78 69.6 123.2
78 70 122.4
end
start
79 64 131.6
79 64.4 130.8
79 64.8 130.4
79 65.2 130
79 65.6 129.6
79 66 129.2
end
start
80 64 159.2
80 64.4 158.8
80 64.8 158.4
80 65.2 158.4
80 65.6 158
80 66 157.6
80 66.4 157.6
80 66.8 157.2
80 67.2 157.2
80 67.6 156.8
80 68 159.6
80 68.4 159.2
80 68.8 158.4
80 69.2 157.6
80 69.6 155.2
80 70 154.4
end
start
81 64 164.4
81 64.4 162.4
81 64.8 166
81 65.2 165.2
81 65.6 164.4
81 66 164
81 66.4 163.2
81 66.8 162.4
81 67.2 166
81 67.6 166
81 68 165.6
81 68.4 165.2
81 68.8 164.8
81 69.2 164.8
81 69.6 164.4
81 70 164
end
start
82 64 170.4
82 64.4 170
82 64.8 170
82 65.2 169.6
82 65.6 169.6
82 66 169.6
82 66.4 169.2
82 66.8 169.2
82 67.2 168.8
82 67.6 168.8
82 68 168.8
82 68.4 168.4
82 68.8 168.4
82 69.2 168
82 69.6 167.6
82 70 167.6
end
start
83 66.8 185.2
83 67.2 185.2
83 67.6 185.2
83 68 184.8
83 68.4 184.8
83 68.8 184.4
83 69.2 184
83 69.6 184
83 70 183.6
end
start
84 64 186.8
84 64.4 186.8
84 64.8 186.4
84 65.2 186.4
84 65.6 186
84 66 186
84 66.4 185.6
84 66.8 185.6
end
start
85 70.4 36.8
85 70.8 36.8
85 71.2 36.8
85 71.6 36.8
85 72 36.8
85 72.4 37.2
85 72.8 37.2
85 73.2 37.2
85 73.6 37.2
85 74 37.6
85 74.4 37.6
85 74.8 37.6
85 75.2 37.6
85 75.6 37.6
85 76 38
85 76.4 38
end
start
86 70.4 42
86 70.8 42.4
86 71.2 42.4
86 71.6 42.4
86 72 42.8
86 72.4 43.2
86 72.8 43.6
86 73.2 43.6
86 73.6 43.2
86 74 43.2
86 74.4 43.2
86 74.8 43.2
86 75.2 43.6
86 75.6 43.6
86 76 44.4
86 76.4 44
end
start
87 70.4 50.8
87 70.8 50.8
87 71.2 50
87 71.6 49.6
87 72 49.6
87 72.4 48.8
87 72.8 48
end
start
88 70.4 57.2
88 70.8 56.8
88 71.2 56.4
88 71.6 56
88 72 55.6
88 72.4 57.2
88 72.8 56.8
88 73.2 56.8
88 74.4 53.2
88 74.8 52.8
88 75.2 52.8
88 75.6 52.4
88 76 52
88 76.4 51.6
end
start
89 70.4 59.6
89 70.8 59.2
89 71.2 58.8
89 71.6 58.8
89 72 57.6
end
start
90 73.6 76.4
90 74 76.4
90 74.4 76
90 74.8 75.6
90 75.2 75.2
90 75.6 75.2
90 76 74.8
90 76.4 76.4
end
start
91 70.4 81.2
91 70.8 81.2
91 71.2 82.8
91 71.6 82.8
91 72 82.4
91 72.4 82
91 72.8 82
91 73.2 81.6
91 73.6 82.8
91 74 81.2
91 74.4 82.8
91 74.8 81.2
91 75.2 82.8
91 75.6 82
91 76 80.4
91 76.4 80
end
start
92 70.4 84.8
92 70.8 84
92 71.2 83.6
92 71.6 89.2
92 72 87.6
92 72.4 87.2
92 72.8 89.2
92 73.2 89.2
92 73.6 88
92 74 87.2
92 74.4 86.4
92 74.8 83.6
end
start
93 70.4 95.6
93 70.8 95.6
93 71.2 94.8
93 71.6 89.6
93 72.4 95.6
93 72.8 90
93 73.6 94
93 74 93.6
93 74.4 93.6
93 74.8 92.8
93 75.2 92.8
93 75.6 95.6
93 76 95.6
93 76.4 95.2
end
start
94 70.4 102
94 70.8 101.2
94 71.2 99.2
94 71.6 98
94 72 96.8
94 72.4 96.4
94 72.8 96
94 74.8 99.2
94 75.2 98.8
94 75.6 96
94 76 98.8
94 76.4 98.4
end
start
95 72 114.8
95 72.4 114.4
95 72.8 114
95 73.2 113.6
95 73.6 114.8
95 74 114.4
95 74.4 114
95 74.8 113.6
95 75.2 114.8
95 75.6 114.8
95 76 114.4
95 76.4 114
end
start
96 70.4 121.2
96 70.8 120.8
96 71.2 120.4
96 71.6 120
96 72 119.2
96 72.4 118.8
96 72.8 118.4
96 73.2 117.6
96 73.6 117.2
96 74 116.8
96 74.4 116.4
96 74.8 116
96 75.2 115.2
end
start
97 73.2 146.8
97 73.6 146.8
97 74 146.4
97 74.4 145.2
97 74.8 144.4
97 75.2 144
97 75.6 143.2
97 76 145.6
97 76.4 146
end
start
98 70.4 153.2
98 70.8 152.4
98 71.2 151.6
98 71.6 150.8
98 72 150
98 72.4 148.8
98 72.8 148
98 73.2 147.6
98 74.8 147.6
98 75.2 153.2
98 75.6 152.8
98 76 151.6
98 76.4 149.6
end
start
99 70.4 153.6
99 72.8 159.6
99 73.2 159.2
99 73.6 158.4
99 74 156.8
99 74.4 155.6
99 74.8 154.8
99 75.2 159.6
99 75.6 159.2
99 76 158.8
99 76.4 158.4
end
start
100 70.4 163.6
100 70.8 162.8
100 71.2 162.4
100 71.6 166
100 72 166
100 72.4 165.2
100 72.8 164.8
100 73.2 164
100 73.6 163.6
100 74 163.2
100 74.4 163.2
100 74.8 162.8
100 75.2 162.4
100 75.6 162
100 76 161.2
100 76.4 160.8
end
start
101 70.4 183.6
101 70.8 183.2
101 71.2 183.2
101 71.6 182.8
101 72 182.8
101 72.4 182.8
101 72.8 182.4
101 73.2 182.4
101 73.6 182
101 74 182
101 74.4 181.6
101 74.8 181.6
101 75.2 181.2
101 75.6 181.2
101 76 180.8
101 76.4 180.8
end
start
102 76.8 38.4
102 77.2 44.4
102 77.6 44.4
102 78 38.8
102 78.4 38.8
102 78.8 38.8
102 79.2 39.2
102 79.6 44.4
102 80 44.4
102 80.4 44
102 80.8 44
102 81.2 44.4
102 81.6 44.4
102 82 40.8
102 82.4 43.6
102 82.8 43.2
end
start
103 77.2 50.8
103 77.6 50.8
103 78 50.8
103 78.4 50.4
103 78.8 50
103 79.2 50
103 79.6 49.6
103 80 49.6
103 80.4 49.2
103 80.8 49.2
103 81.2 50.8
103 81.6 50.8
103 82 50.4
103 82.4 48.4
103 82.8 48.4
end
start
104 76.8 51.2
104 79.2 51.6
104 79.6 52
104 80 51.6
104 80.4 51.2
104 80.8 51.2
end
start
105 77.6 69.2
105 78 70
105 80.8 70
105 81.2 69.6
105 81.6 68
105 82.8 65.2
end
start
106 76.8 74.8
106 77.2 74.8
106 77.6 75.2
106 78 75.2
106 78.4 75.2
106 78.8 76.4
106 79.2 75.6
106 79.6 75.6
106 80 75.2
106 80.4 73.2
106 80.8 72.8
end
start
107 76.8 79.2
107 77.2 78.8
107 77.6 78.4
107 78 78
107 78.4 77.6
107 78.8 76.8
end
start
108 76.8 94.8
108 77.2 94.4
108 77.6 94
108 78 94
108 78.4 92.4
108 78.8 92
108 79.2 95.6
108 79.6 95.6
108 80 95.2
108 80.4 91.2
end
start
109 76.8 98.4
109 77.2 102
109 77.6 102
109 78 101.6
109 78.4 101.2
109 78.8 100.8
109 79.2 102
109 79.6 102
109 80 101.6
109 80.4 101.6
109 80.8 101.2
109 81.2 100.8
109 81.6 102
109 82 100.4
109 82.4 100.4
109 82.8 100.4
end
start
110 76.8 102.8
110 77.2 108.4
110 77.6 108.4
110 78 108
110 78.4 107.2
110 78.8 108.4
110 79.2 108
110 79.6 107.6
110 80 107.2
110 80.4 106.8
110 80.8 108.4
110 81.2 108
110 81.6 107.6
110 82 107.2
110 82.4 106.8
110 82.8 106.4
end
start
111 76.8 113.2
111 77.2 112.8
111 77.6 112.4
111 78 112
111 78.4 111.6
111 78.8 110.8
111 79.2 110.4
111 79.6 110
111 80 109.6
111 80.4 109.2
111 80.8 108.8
end
start
112 76.8 140.4
112 77.2 140.4
112 77.6 139.6
112 78 138.8
112 78.4 138
112 78.8 137.6
112 79.2 137.2
112 79.6 136.4
112 80 135.6
112 80.4 136
112 80.8 136
112 81.2 136.4
112 81.6 136.8
112 82 136.8
112 82.4 136.8
112 82.8 140.4
end
start
113 76.8 146
113 77.2 146.4
113 77.6 146.4
113 78 146.8
113 78.4 146.8
113 78.8 143.6
113 79.2 144
113 79.6 144.4
113 80 144.4
113 80.4 143.2
113 80.8 143.6
113 81.2 144
113 81.6 144
113 82 144
113 82.4 144.4
113 82.8 144.4
end
start
114 78.8 147.2
114 79.2 147.2
114 79.6 147.6
114 80 147.6
114 80.4 153.2
114 80.8 152.8
114 81.2 152.4
114 81.6 151.2
114 82 150.4
114 82.4 153.2
114 82.8 153.2
end
start
115 76.8 158
115 77.2 157.6
115 77.6 159.6
115 78 159.6
115 78.4 159.2
115 78.8 158.8
115 79.2 158
115 79.6 157.6
115 80 157.2
115 80.4 156.4
115 80.8 156
115 81.2 155.2
115 81.6 154.8
115 82 154.4
115 82.4 153.6
end
start
116 80.8 178.8
116 81.2 178.8
116 81.6 178.8
116 82 178.4
116 82.4 178.4
116 82.8 178
end
start
117 76.8 180.4
117 77.2 180.4
117 77.6 185.2
117 78 185.2
117 78.4 184.8
117 78.8 184.8
117 79.2 184.4
117 79.6 184
117 80 184
117 80.4 184
117 80.8 183.6
117 81.2 183.6
117 81.6 183.2
117 82 183.6
117 82.4 183.2
117 82.8 182.8
end
start
118 83.2 43.2
118 83.6 43.6
118 84 43.6
118 84.4 44
118 84.8 44.4
118 85.2 44.4
118 85.6 42.4
118 86 42.4
118 86.4 42.4
118 86.8 42.4
118 87.2 42.4
118 87.6 42.4
118 88 42.4
118 88.4 42.4
118 88.8 42.4
118 89.2 42.8
end
start
119 83.2 50.8
119 83.6 50.8
119 84 50.8
119 84.4 50.4
119 84.8 50
119 85.2 50
119 85.6 49.6
119 86 49.2
119 86.4 48.8
119 86.8 48.4
119 87.2 48
119 87.6 47.6
119 88 47.2
119 88.4 47.2
119 88.8 46.8
119 89.2 46.8
end
start
120 83.2 66.4
120 83.6 70
120 84 69.6
120 84.4 68.8
120 85.6 66
120 86 66.4
120 86.4 66.4
120 86.8 64.4
120 87.2 64.4
120 87.6 64.4
120 88 64.8
120 88.4 64.8
120 88.8 64.4
120 89.2 64.4
end
start
121 86 85.6
121 86.4 86
121 86.8 86.4
121 87.2 86.4
121 87.6 86.8
121 88 87.2
121 88.4 87.6
121 88.8 87.6
121 89.2 87.6
end
start
122 83.2 100.4
122 83.6 100
122 84 100.4
122 84.4 100.4
122 84.8 100
122 85.2 99.6
122 85.6 99.2
122 86 98.8
122 86.4 102
122 86.8 102
122 87.2 101.6
122 87.6 100.8
122 88 101.2
122 88.4 101.2
122 88.8 101.2
122 89.2 101.6
end
start
123 83.2 106
123 83.6 105.6
123 84 104.8
123 84.4 106.4
123 84.8 106.4
123 85.2 106.4
123 85.6 106.4
123 86 106
123 86.4 104.4
123 86.8 104
123 87.2 104
123 87.6 104
123 88 104
123 88.4 104
123 88.8 103.2
123 89.2 103.2
end
start
124 86 119.6
124 86.4 119.6
124 86.8 119.2
124 87.2 118.8
124 87.6 121.2
124 88 120.8
124 88.4 120.4
124 88.8 119.6
124 89.2 119.2
end
start
125 84 127.6
125 84.4 126.8
125 84.8 126.4
125 85.2 126
125 85.6 125.6
125 86 124.8
125 86.4 124.4
125 86.8 123.6
125 87.2 122.8
125 87.6 122
end
start
126 83.2 140.4
126 83.6 137.2
126 84 137.6
126 84.4 138
126 84.8 137.6
126 85.2 138
126 85.6 138
126 86 138.4
126 86.4 138.4
126 86.8 138.4
126 87.2 138.4
126 87.6 138.8
126 88 138.8
126 88.4 138.8
126 88.8 138.8
126 89.2 138.8
end
start
127 83.2 144.8
127 83.6 145.2
127 84 145.6
127 84.4 145.6
127 84.8 146
127 85.2 146.4
127 85.6 146.4
127 86 146.4
127 86.4 146.8
127 86.8 146.8
127 87.2 146.8
127 87.6 144.4
end
start
128 83.2 152.4
128 83.6 152
128 84 151.2
128 84.4 150.8
128 84.8 152
128 85.2 152.4
128 85.6 152
128 86 152
128 86.4 151.6
128 86.8 151.6
128 87.2 151.6
128 87.6 151.6
128 88 151.2
128 88.4 151.2
128 88.8 151.2
128 89.2 151.2
end
start
129 83.2 178
129 83.6 177.6
129 84 177.6
129 84.4 177.2
129 84.8 177.2
129 85.2 177.2
129 85.6 177.2
129 86 176.8
129 86.4 176.4
129 86.8 176.4
129 87.2 176
129 87.6 176
129 88 175.6
129 88.4 175.6
129 88.8 175.6
129 89.2 175.2
end
start
130 83.2 182.4
130 83.6 182.4
130 84 182.4
130 84.4 182.4
130 84.8 182
130 85.2 182
130 85.6 182
130 86 181.6
130 86.4 181.2
130 86.8 181.2
130 87.2 180.8
130 87.6 180.8
130 88 180.4
130 88.4 180.4
130 88.8 180
130 89.2 180
end
start
131 90.8 34
131 91.2 34.8
131 91.6 34.8
131 92 34.8
131 92.4 34.8
131 92.8 34.4
131 93.2 34
end
start
132 89.6 42.8
132 90 42.8
132 90.4 43.2
132 90.8 43.2
132 91.2 43.2
132 91.6 43.6
132 92 44
132 92.4 44
132 92.8 44.4
132 93.2 44.4
132 93.6 44.4
end
start
133 89.6 46.4
133 90 46.4
133 90.4 46.4
133 90.8 46
133 91.2 46
133 91.6 46
133 92 46
133 92.4 46
133 92.8 46
133 93.2 46
133 93.6 46.4
133 94 46.4
133 94.4 46.8
133 94.8 46.4
133 95.2 46.4
133 95.6 46.4
end
start
134 91.6 57.2
134 92 57.2
134 93.6 57.2
134 94 57.2
134 95.6 57.2
end
start
135 90 63.6
135 90.4 62.8
135 90.8 62.4
135 91.2 61.2
135 92.4 62.4
135 92.8 62
135 93.2 61.2
135 93.6 60.8
135 94 60.4
135 94.4 62.8
135 94.8 62.8
135 95.2 63.2
135 95.6 63.2
end
start
136 89.6 87.6
136 90 87.6
136 90.4 87.6
136 90.8 87.6
136 91.2 88
136 91.6 88
136 92 88
136 92.4 88
136 92.8 88.4
136 93.2 88.4
136 93.6 88.4
136 94 88.4
136 94.4 88.8
136 94.8 89.2
136 95.2 87.6
136 95.6 88
end
start
137 89.6 95.2
137 90 94.8
137 90.4 94.4
137 90.8 94
137 91.2 93.6
137 91.6 93.2
137 92 92.8
137 92.4 95.6
137 92.8 95.6
137 93.2 95.2
137 93.6 94.8
137 94 94.4
137 94.4 94
137 94.8 93.6
137 95.2 93.6
137 95.6 93.2
end
start
138 89.6 101.6
138 90 102
138 90.4 102
138 90.8 102
138 91.2 102
138 91.6 102
138 92 102
138 92.4 102
138 92.8 102
138 93.2 102
138 93.6 102
138 94 102
138 94.4 102
138 94.8 102
138 95.2 102
138 95.6 97.6
end
start
139 89.6 104
139 90 104.4
139 90.4 103.6
139 90.8 103.6
139 91.2 103.6
139 91.6 103.2
139 92 108.4
139 92.4 108.4
139 92.8 108
139 93.2 108
139 93.6 108
139 94 107.6
139 94.4 107.6
139 94.8 107.2
139 95.2 106.8
139 95.6 106.4
end
start
140 89.6 139.2
140 90 139.2
140 90.4 139.6
140 90.8 139.6
140 91.2 139.6
140 91.6 139.6
140 92 139.6
140 92.4 139.6
140 92.8 140
140 93.2 140
140 93.6 140
140 94 140.4
140 94.4 140.4
140 94.8 140.4
140 95.2 140.4
140 95.6 140.4
end
start
141 89.6 151.2
141 90 151.2
141 90.4 151.2
141 90.8 151.2
141 91.2 151.2
141 91.6 151.2
141 92 151.2
141 92.4 151.2
141 92.8 151.6
141 93.2 151.6
141 93.6 151.6
141 94 151.6
141 94.4 151.6
141 94.8 151.6
141 95.2 151.6
141 95.6 151.6
end
start
142 89.6 175.2
142 90 174.8
142 90.4 174.8
142 90.8 174.8
142 91.2 178.8
142 91.6 178.8
142 92 178.8
142 92.4 178.4
142 92.8 178.4
142 93.2 178
142 93.6 178
142 94 177.6
142 94.4 177.6
142 94.8 177.6
142 95.2 177.6
142 95.6 177.2
end
start
143 89.6 179.6
143 90 179.6
143 90.4 179.6
143 90.8 179.2
143 91.2 179.2
end
start
144 97.2 44.4
144 97.6 44.4
144 98 44
144 98.4 44.4
144 98.8 44
144 99.6 44.4
144 100 44
144 100.4 43.6
144 100.8 42.8
144 101.2 42
144 101.6 42.4
144 102 42.4
end
start
145 96 46
145 96.8 45.2
145 97.2 44.8
145 97.6 46.4
145 98 48
145 98.4 48.4
145 98.8 48
145 99.2 48
145 99.6 47.2
145 100 49.6
145 100.4 50.4
145 100.8 50.4
145 101.2 48
145 101.6 50.8
145 102 49.6
end
start
146 96 56.8
146 96.4 56
146 97.2 56.4
146 97.6 56.4
146 98 56
146 98.4 56
146 98.8 55.6
146 99.2 55.2
146 99.6 54.8
146 100 54.8
146 100.4 54.4
146 100.8 54
146 101.2 52.4
end
start
147 96 62.8
147 96.4 62.8
147 96.8 62.8
147 97.2 62.8
147 97.6 63.2
147 98 63.2
147 98.4 63.2
147 98.8 63.2
147 99.2 63.2
147 99.6 63.2
147 100 63.2
147 100.4 62.8
147 100.8 62.8
147 101.2 63.2
147 101.6 63.2
147 102 63.2
end
start
148 96 89.2
148 96.4 88.4
148 96.8 88.4
148 97.2 88.4
148 97.6 88
148 98 88
148 98.4 87.6
148 98.8 87.2
148 99.2 86.8
148 99.6 89.2
148 100 89.2
148 100.4 89.2
148 100.8 88.8
148 101.2 88.4
148 101.6 88
148 102 88
end
start
149 96 92.8
149 96.4 92.4
149 96.8 92
149 97.2 91.6
149 97.6 91.2
149 98 91.2
149 98.4 90.8
149 98.8 90.4
149 99.2 95.2
149 99.6 95.2
149 100 94.8
149 100.4 94.4
149 100.8 94.4
149 101.2 94.4
149 101.6 94
149 102 94
end
start
150 96 97.6
150 96.4 97.6
150 96.8 98
150 97.2 98
150 97.6 98
150 98 98
150 98.4 98
150 98.8 98
150 99.2 97.6
150 99.6 97.6
150 100 102
150 100.4 102
150 100.8 101.6
150 101.2 101.2
150 101.6 100.4
150 102 100
end
start
151 96 106
151 96.4 105.6
151 96.8 103.6
151 98.4 106
151 98.8 108
151 99.2 108.4
151 99.6 103.2
151 100 102.8
151 100.4 105.6
151 100.8 106.8
151 101.2 108
151 101.6 108.4
end
start
152 99.2 109.6
152 99.6 110.8
152 100 112.4
152 100.4 113.6
152 100.8 114.8
152 101.6 110
152 102 111.2
end
start
153 96 140.4
153 96.4 140.4
153 99.2 140.4
153 99.6 140.4
153 100 140
153 100.4 139.2
153 100.8 138
153 101.2 136.4
153 101.6 135.2
153 102 134.4
end
start
154 96.8 140.8
154 97.2 140.8
154 97.6 140.8
154 98 140.8
154 98.4 141.2
154 98.8 141.6
154 99.2 140.8
end
start
155 96 151.6
155 96.4 152
155 96.8 152
155 97.2 152
155 97.6 152
155 98 152
155 98.4 152
155 98.8 152
155 99.2 152
155 99.6 152.4
155 100 152.4
155 100.4 152.4
155 100.8 152.8
155 101.2 152.8
155 101.6 153.2
155 102 153.2
end
start
156 96 172.4
156 96.4 172.4
156 96.8 172
156 97.2 172
156 97.6 172
156 98 171.6
156 98.4 171.6
156 98.8 171.2
156 99.2 171.2
156 99.6 171.2
156 100 170.8
156 100.4 170.8
156 100.8 170.8
156 101.2 170.8
156 101.6 170.4
156 102 170.4
end
start
157 96 177.2
157 96.4 176.8
157 96.8 176.4
157 97.2 176.4
157 97.6 176.4
157 98 176.4
157 98.4 176.4
157 98.8 176.4
157 99.2 176
157 99.6 176
157 100 175.6
157 100.4 175.6
157 100.8 175.6
157 101.2 175.6
157 101.6 175.2
157 102 175.2
end
start
158 102.8 38
158 103.2 38
158 103.6 37.6
158 104 37.2
158 104.4 36.4
158 104.8 36
158 106 34.4
158 106.4 34.8
158 106.8 35.2
158 107.2 35.2
158 107.6 35.2
158 108 34.8
158 108.4 34.4
end
start
159 102.4 42.8
159 102.8 42.8
159 103.2 42.8
159 103.6 43.2
159 104 44.4
159 106 44.4
159 106.4 43.2
159 106.8 43.2
159 107.2 43.2
159 107.6 43.2
159 108 43.2
159 108.4 43.2
end
start
160 102.4 49.2
160 102.8 49.6
160 103.2 49.6
160 103.6 49.6
160 104 50
160 104.4 50
160 104.8 49.6
160 105.2 47.6
160 105.6 46.8
160 106 50.8
160 106.4 50.8
160 106.8 50
160 107.2 49.6
160 107.6 50.8
160 108 50.8
160 108.4 50.4
end
start
161 105.6 52
161 106 51.6
161 107.2 51.6
161 107.6 55.2
161 108 55.2
161 108.4 55.6
end
start
162 102.4 63.2
162 102.8 63.6
162 103.2 63.6
162 103.6 63.6
162 104 62.4
162 104.4 62.8
162 104.8 62.8
162 105.2 62.8
162 105.6 60
162 106 60
162 106.4 60
162 106.8 60
162 107.2 60
162 107.6 60
162 108 59.6
162 108.4 59.6
end
start
163 103.6 64
163 104 64
163 104.4 64
163 104.8 64
163 105.6 67.6
163 106 67.6
163 106.4 67.6
163 106.8 67.6
163 107.2 67.6
163 107.6 67.6
163 108 68
163 108.4 68
end
start
164 102.8 71.6
164 103.2 72
164 103.6 72
164 104 72.4
164 104.4 72.4
164 104.8 72.8
164 105.2 73.2
164 105.6 73.6
164 106 74
164 106.4 75.2
164 106.8 76
164 107.2 76.4
164 107.6 74.8
164 108 75.2
164 108.4 76
end
start
165 102.4 77.6
165 102.8 78.4
165 103.2 78.8
165 103.6 79.2
165 104 79.6
165 104.8 82.8
165 105.2 82.8
165 105.6 82.4
165 106 82.4
165 106.4 82
165 106.8 81.6
165 107.2 81.6
165 107.6 81.2
165 108 81.2
165 108.4 80.8
end
start
166 102.4 87.6
166 102.8 87.2
166 103.2 86.8
166 103.6 86.8
166 104 86.4
166 104.4 86
166 104.8 89.2
166 105.2 89.2
166 105.6 89.2
166 106 89.2
166 106.4 89.2
166 106.8 89.2
166 107.2 88.8
166 107.6 88.8
166 108 88.8
166 108.4 88.4
end
start
167 102.4 93.6
167 102.8 93.2
167 103.2 95.6
167 103.6 95.6
167 104 95.2
167 104.4 94.8
167 104.8 94.4
167 105.2 92
167 105.6 95.6
167 106 95.6
167 106.4 95.2
167 106.8 94.8
167 107.2 94.4
167 107.6 94
167 108 93.6
167 108.4 93.2
end
start
168 102.4 99.6
168 102.8 99.2
168 103.2 98.8
168 103.6 98.4
168 104 98
168 104.4 102
168 104.8 100.4
168 105.2 100
168 105.6 100
168 106 98.8
168 106.4 98.8
end
start
169 102.4 106.4
169 102.8 106.8
169 103.2 107.2
169 103.6 107.2
169 104 108.4
169 104.4 103.2
169 106.8 108.4
169 107.2 108
169 107.6 107.6
169 108 107.6
169 108.4 107.6
end
start
170 102.4 112.8
170 102.8 114
170 103.2 114.4
170 103.6 114.8
170 104 114.4
170 104.4 114
170 104.8 114
170 105.2 112.8
170 105.6 113.2
170 106 114
170 106.4 114.4
170 106.8 114.8
170 107.2 114.8
170 107.6 114
170 108 113.6
170 108.4 113.2
end
start
171 102.4 118
171 102.8 118.4
171 103.2 118.4
171 103.6 118.8
171 104 119.6
171 104.4 120
171 107.2 115.2
171 107.6 115.2
171 108 115.6
171 108.4 115.6
end
start
172 103.2 123.2
172 103.6 123.6
172 104 124
172 104.4 124.4
172 104.8 124.4
172 105.2 124.4
172 105.6 124.4
172 106 124.4
172 106.4 124.4
172 106.8 124.8
172 107.2 124.8
172 107.6 124.8
172 108 124.8
172 108.4 124.8
end
start
173 102.4 133.6
173 102.8 133.2
173 103.2 132.8
173 103.6 132.8
173 104.4 132.8
173 104.8 134
173 105.2 132
173 105.6 131.2
173 106 130.8
173 106.4 130.4
173 106.8 130
173 107.2 129.6
173 107.6 129.2
173 108 128.8
173 108.4 128.4
end
start
174 103.6 140.4
174 104 138.4
174 104.4 136
174 104.8 134.8
174 106.4 137.6
174 106.8 137.6
174 107.2 138
174 107.6 138.4
174 108 138.8
174 108.4 138.4
end
start
175 102.4 152.4
175 102.8 152.4
175 103.2 152.4
175 103.6 152.4
175 104 152.4
175 104.4 152.4
175 104.8 152.4
175 105.2 152.4
175 105.6 152.4
175 106 152.4
175 106.4 152.4
175 106.8 152.8
175 107.2 152.8
175 107.6 152.8
175 108 152.8
175 108.4 152.8
end
start
176 102.4 170.4
176 102.8 170
176 103.2 170
176 103.6 169.6
176 104 169.6
176 104.4 169.6
176 104.8 169.2
176 105.2 169.2
176 105.6 169.2
176 106 169.2
176 106.4 168.8
176 106.8 168.8
176 107.2 168.8
176 107.6 168.4
176 108 168.4
176 108.4 168.4
end
start
177 102.4 175.2
177 102.8 174.8
177 103.2 174.4
177 103.6 174
177 104 174
177 104.4 174
177 104.8 173.6
177 105.2 173.6
177 105.6 173.6
177 106 173.2
177 106.4 173.2
177 106.8 173.2
177 107.2 172.8
177 107.6 172.8
177 108 172.8
177 108.4 172.8
end
start
178 112.8 25.2
178 113.2 25.2
178 113.6 24.8
178 114 24.8
178 114.4 24.8
178 114.8 25.2
end
start
179 108.8 31.6
179 109.2 31.6
179 109.6 31.6
179 110 31.6
179 110.4 31.6
179 110.8 30
179 111.2 29.2
179 111.6 28
179 112 31.6
179 112.4 31.6
179 112.8 30.4
179 113.2 29.6
179 113.6 28.8
179 114 28.4
179 114.4 27.6
179 114.8 27.2
end
start
180 108.8 35.2
180 109.2 35.6
180 109.6 36
180 110 36.4
180 110.4 36.8
180 110.8 37.6
180 111.2 37.6
180 111.6 35.6
180 112 38
180 112.4 37.6
180 112.8 37.2
180 113.2 36.4
180 113.6 36
180 114 35.6
180 114.4 34.8
180 114.8 34.4
end
start
181 108.8 42.8
181 109.2 43.2
181 109.6 42.8
181 110 42.4
181 110.4 42
181 110.8 40
181 111.2 39.6
181 111.6 38.8
181 112 44.4
181 112.4 44.4
181 112.8 44
181 113.2 42.8
181 113.6 41.2
181 114 41.6
181 114.4 42
181 114.8 44.4
end
start
182 108.8 50
182 109.2 49.6
182 109.6 49.2
182 110 48.8
182 110.4 48.4
182 110.8 47.6
182 111.2 45.6
182 111.6 45.2
182 112 45.2
182 114.8 44.8
end
start
183 108.8 55.6
183 109.2 55.6
183 109.6 55.6
183 110 56.8
183 110.4 56.8
183 110.8 56.8
183 111.2 56.8
183 111.6 56.8
183 112 56.8
183 112.4 56.8
183 112.8 56.8
183 113.2 56.8
183 113.6 56.8
183 114 55.6
183 114.4 55.6
183 114.8 55.6
end
start
184 108.8 59.6
184 109.2 59.6
184 109.6 59.2
184 110 59.2
184 110.4 59.2
184 110.8 59.6
184 111.2 59.6
184 111.6 59.6
184 112 59.6
184 112.4 59.6
184 112.8 59.6
184 113.2 60.8
184 113.6 60.8
184 114 61.2
184 114.4 62
184 114.8 62
end
start
185 108.8 68
185 109.2 68.4
185 109.6 68.4
185 110 68.4
185 110.4 68.4
185 110.8 68.4
185 111.2 67.2
end
start
186 108.8 82.8
186 109.2 82.8
186 109.6 82.4
186 110 82.4
186 110.4 82.4
186 110.8 82
186 111.2 81.6
186 111.6 81.6
186 112 81.2
186 112.4 80.8
186 112.8 80.8
186 113.2 80.4
186 113.6 80
186 114 80
186 114.4 79.6
186 114.8 79.6
end
start
187 108.8 88.4
187 109.2 88
187 109.6 87.6
187 110 87.2
187 110.4 86.8
187 110.8 86
187 111.2 84.4
187 111.6 84
187 112 89.2
187 112.4 89.2
187 112.8 88.8
187 113.2 88.4
187 113.6 88
187 114 87.6
187 114.4 87.2
187 114.8 86.8
end
start
188 108.8 92.8
188 109.2 92.4
188 109.6 95.6
188 110 95.6
188 110.4 93.6
188 110.8 90.8
188 111.2 90.4
188 111.6 90
188 112 89.6
end
start
189 108.8 101.6
189 109.2 101.6
189 109.6 102
189 110 102
189 110.4 97.2
189 110.8 98
189 111.2 98.4
189 111.6 101.6
189 112 102
189 112.4 99.6
189 112.8 100.4
189 113.2 101.2
189 113.6 101.6
189 114 102
189 114.4 102
end
start
190 108.8 107.6
190 109.2 107.6
190 109.6 107.6
190 110 107.2
190 110.4 106.8
190 110.8 106.4
190 111.2 106
190 111.6 105.2
190 112.4 107.2
190 112.8 108.4
190 114.4 107.2
190 114.8 108.4
end
start
191 108.8 113.2
191 109.2 113.6
191 109.6 113.6
191 110 113.6
191 110.4 112.8
191 110.8 113.2
191 111.2 113.2
191 111.6 113.2
191 112 113.2
191 112.4 113.6
191 112.8 114
191 113.2 114
191 113.6 114
191 114 114.4
191 114.4 114.4
191 114.8 114.4
end
start
192 108.8 124.8
192 109.2 124.8
192 109.6 127.6
192 110 127.6
192 110.4 127.6
192 110.8 127.2
192 111.2 127.6
192 111.6 127.6
192 112 127.6
192 112.4 127.2
192 112.8 127.2
192 113.2 127.2
192 113.6 127.2
192 114 127.2
192 114.4 127.2
192 114.8 127.2
end
start
193 108.8 128
193 109.2 129.6
193 109.6 130.4
193 110 130.8
193 110.4 131.2
193 110.8 131.6
193 111.2 134
193 111.6 134
193 112 131.6
193 112.4 130.4
193 112.8 134
193 113.2 133.2
193 113.6 132.4
end
start
194 108.8 138.8
194 109.2 138.4
194 109.6 138.4
194 110 138.4
194 110.4 138.4
194 110.8 138
194 111.2 138
194 111.6 137.6
194 112 137.2
194 112.4 136.8
194 112.8 136.4
194 114.4 136.8
194 114.8 136.8
end
start
195 108.8 152.8
195 109.2 152.8
195 109.6 152.8
195 110 152.8
195 110.4 153.2
195 110.8 153.2
195 111.2 153.2
195 111.6 153.2
195 112 153.2
195 112.4 153.2
195 112.8 153.2
195 113.2 151.2
195 113.6 151.2
195 114 151.6
195 114.4 151.6
195 114.8 151.6
end
start
196 113.2 153.6
196 113.6 153.6
196 114 153.6
196 114.4 153.6
196 114.8 153.6
end
start
197 108.8 172.4
197 109.2 172.4
197 109.6 172.4
197 110 172.4
197 110.4 172
197 110.8 172
197 111.2 171.6
197 111.6 171.6
197 112 167.2
197 112.4 166.8
197 112.8 166.8
197 113.2 166.8
197 113.6 166.4
197 114 166.4
end
start
198 115.2 25.2
198 115.6 25.2
198 116 24
198 116.4 24.4
198 116.8 24.8
198 117.2 25.2
198 119.6 25.2
198 120 22
198 120.4 21.2
198 120.8 24.4
198 121.2 25.2
end
start
199 115.2 26.8
199 115.6 31.6
199 116 31.2
199 116.4 30.8
199 116.8 30
199 117.2 28.4
199 117.6 27.2
199 118 26.8
199 118.4 31.6
199 118.8 30.4
199 119.2 27.2
199 119.6 31.6
199 120 31.6
199 120.4 29.6
199 120.8 28
199 121.2 27.2
end
start
200 115.6 32.4
200 116.4 35.6
200 116.8 35.2
200 117.2 35.2
200 117.6 34.8
200 118 34.4
200 118.4 34
200 118.8 33.6
200 119.2 33.2
200 119.6 32.4
end
start
201 115.2 44.4
201 115.6 41.2
201 116 42
201 116.4 42.4
201 116.8 44.4
201 117.2 44
201 117.6 43.2
201 118 43.2
201 118.4 44.4
201 118.8 44.4
201 119.2 44
201 119.6 43.2
201 120.4 44.4
201 120.8 44.4
201 121.2 44
end
start
202 115.2 46.4
202 115.6 47.2
202 116.8 45.6
202 118 46.4
202 118.4 46.4
202 118.8 50.8
202 119.2 50.8
202 119.6 45.6
202 120 45.2
202 120.4 44.8
end
start
203 115.2 55.6
203 115.6 56.8
203 116 57.2
203 116.4 54.8
203 116.8 55.2
203 117.2 56
203 117.6 56.8
203 118 56.8
203 118.4 57.2
203 118.8 56
203 119.2 57.2
203 119.6 55.2
203 120 56
203 120.4 54
203 120.8 57.2
203 121.2 57.2
end
start
204 115.2 61.2
204 115.6 60.8
204 116 60.8
204 116.4 60.4
204 116.8 59.6
204 117.2 62
204 117.6 62
204 118 61.2
204 118.4 61.2
204 118.8 60.8
204 119.2 61.2
204 119.6 60
204 120 62.4
204 120.4 62.4
204 120.8 60.8
204 121.2 62.8
end
start
205 115.2 76.4
205 115.6 76.4
205 116 76.4
205 116.4 76
205 116.8 75.6
205 117.2 75.6
205 117.6 75.2
205 118 75.2
205 118.4 74.8
205 118.8 74.4
205 119.2 74.4
205 119.6 74
205 120 74
205 120.4 73.6
205 120.8 76.4
205 121.2 76.4
end
start
206 115.2 79.6
206 115.6 79.2
206 116 79.2
206 116.4 78.8
206 116.8 78.4
206 117.2 78.4
206 117.6 78.4
206 118 78
206 118.4 78
206 118.8 77.6
206 119.2 82.8
206 119.6 82.8
206 120 82.4
206 120.4 82
206 120.8 82
206 121.2 81.6
end
start
207 115.2 86.4
207 115.6 86
207 116 85.6
207 116.4 85.2
207 116.8 85.2
207 117.2 84.8
207 117.6 84.4
207 118 84
207 118.4 83.6
207 118.8 83.2
207 119.2 83.2
end
start
208 115.2 114.4
208 115.6 114.4
208 116 114
208 116.4 114
208 116.8 113.6
208 117.2 113.6
end
start
209 115.2 127.2
209 115.6 127.2
209 116 127.2
209 116.4 127.2
209 116.8 127.2
209 117.2 127.6
209 117.6 127.6
209 118 127.6
209 118.4 127.6
209 118.8 127.6
209 119.2 124.8
209 119.6 124.8
209 120 124.8
209 120.4 124.8
209 120.8 124.8
209 121.2 124.8
end
start
210 115.2 129.2
210 115.6 129.6
210 116 130
210 116.4 130
210 116.8 130
210 117.2 130.8
210 117.6 130.8
210 119.2 128
210 119.6 128
210 120 128
210 120.4 128
210 120.8 128
210 121.2 128
end
start
211 119.6 142.4
211 120 142.4
211 120.4 142.4
211 120.8 142.4
211 121.2 142
end
start
212 115.2 151.6
212 115.6 151.6
212 116 151.6
212 116.4 151.6
212 116.8 151.6
212 117.2 151.6
212 117.6 151.6
212 118 151.6
212 118.4 151.6
212 118.8 151.6
212 119.2 151.6
212 119.6 151.6
212 120 151.6
212 120.4 151.6
212 120.8 151.6
212 121.2 151.6
end
start
213 115.2 153.6
213 115.6 153.6
213 116 154
213 116.4 154
213 116.8 154
213 117.2 154
213 117.6 154
213 118 154.4
213 118.4 154.4
213 118.8 154.4
213 119.2 154.8
213 119.6 154.8
213 120 154.8
213 120.4 155.2
213 120.8 155.2
213 121.2 155.2
end
start
214 115.2 166
214 115.6 166
214 116 165.6
214 116.4 165.6
214 116.8 165.6
214 117.2 165.6
214 117.6 165.2
214 118 165.2
214 118.4 165.2
214 118.8 164.8
214 119.2 164.8
214 119.6 164.8
214 120 164.4
214 120.4 164.4
214 120.8 164.4
214 121.2 164.4
end
start
215 125.2 17.6
215 125.6 17.6
215 126 17.6
215 126.4 17.6
215 126.8 17.6
215 127.2 18
215 127.6 18.8
end
start
216 121.6 21.6
216 122 20.8
216 122.4 25.2
216 122.8 25.2
216 123.2 24.8
216 123.6 24.4
216 124 24
216 124.4 24
216 124.8 25.2
216 125.2 24.4
216 125.6 23.2
216 126 22
216 126.4 25.2
216 126.8 24.8
216 127.2 24.4
216 127.6 24.4
end
start
217 121.6 26.4
217 122 26.4
217 122.4 26
217 123.2 31.6
217 123.6 31.6
217 124 31.6
217 124.4 31.6
217 124.8 31.2
217 125.2 31.2
217 125.6 29.2
217 126 30
217 126.4 30
217 126.8 30
217 127.2 31.6
217 127.6 31.6
end
start
218 122.4 37.2
218 122.8 36.8
218 123.2 36.8
218 123.6 36.4
218 124 36
218 124.4 35.6
218 124.8 34.8
218 125.2 34.4
218 125.6 34
218 126 33.6
218 126.4 33.2
218 126.8 32.8
218 127.2 32
end
start
219 121.6 43.6
219 122 42.8
219 122.4 42
219 122.8 41.6
219 123.2 40.8
219 123.6 42
219 124 42
219 124.4 42
219 124.8 42.4
219 125.2 42.4
219 125.6 42.8
219 126 42.8
219 126.4 43.2
219 126.8 43.2
219 127.2 43.6
219 127.6 43.6
end
start
220 121.6 56.8
220 122 57.2
220 122.4 53.6
220 122.8 54
220 123.2 54
220 127.2 55.2
220 127.6 56
end
start
221 121.6 62.8
221 122 63.2
221 122.4 63.6
221 122.8 63.6
221 123.2 63.6
221 123.6 63.2
221 124 62.8
221 124.4 63.2
221 124.8 63.6
221 125.2 63.6
221 125.6 62
221 126 62.4
221 126.4 63.6
221 126.8 62.8
221 127.2 62.8
221 127.6 62.8
end
start
222 123.2 64
222 123.6 64.4
222 124 64.8
222 124.4 65.2
222 124.8 65.6
222 125.2 66
222 125.6 66.4
222 126 66.4
222 126.4 66.4
222 126.8 66.4
222 127.2 66.4
222 127.6 70
end
start
223 121.6 76.4
223 122 76
223 122.4 75.6
223 122.8 75.6
223 123.2 75.2
223 123.6 75.2
223 124 75.2
223 124.4 74.8
223 124.8 74.8
223 125.2 74.4
223 125.6 74.4
223 126 74
223 126.4 74
223 126.8 74
223 127.2 73.6
223 127.6 73.6
end
start
224 121.6 81.2
224 122 81.2
224 122.4 80.8
224 122.8 80.4
224 123.2 80
224 123.6 80
224 124 79.6
224 124.4 79.2
224 124.8 79.2
224 125.2 78.8
224 125.6 78.4
224 126 78.4
224 126.4 78
224 126.8 77.6
224 127.2 81.2
224 127.6 81.2
end
start
225 121.6 125.2
225 122 125.2
225 122.4 125.2
225 122.8 125.6
225 123.2 125.6
225 123.6 125.6
225 124 125.6
225 124.4 125.6
225 124.8 126
225 125.2 126
225 125.6 126
225 126 126
225 126.4 126
225 126.8 126.4
225 127.2 126.4
225 127.6 126.4
end
start
226 121.6 128
226 122 128
226 122.4 128.4
226 122.8 128.4
226 123.2 128.4
226 123.6 128.4
226 124 128.8
226 124.4 128.8
226 124.8 128.8
226 125.2 128.8
226 125.6 128.8
226 126 129.2
226 126.4 129.2
226 126.8 129.2
226 127.2 129.2
226 127.6 129.2
end
start
227 121.6 142
227 122 141.6
227 122.4 141.6
227 122.8 141.6
227 123.2 141.2
227 123.6 141.6
227 124 141.6
227 124.4 141.6
227 124.8 141.2
227 125.2 141.2
227 125.6 141.2
227 126 141.2
227 126.4 141.2
227 126.8 140.8
227 127.2 140.8
end
start
228 121.6 151.6
228 122 151.6
228 122.4 151.6
228 122.8 151.6
228 123.2 151.6
228 123.6 152
228 124 152
228 124.4 152
228 124.8 152
228 125.2 152
228 125.6 152
228 126 152
228 126.4 152.4
228 126.8 152.4
228 127.2 152.4
228 127.6 152.4
end
start
229 121.6 155.2
229 122 155.2
229 122.4 155.6
229 122.8 155.6
229 123.2 155.6
229 123.6 155.6
229 124 155.6
229 124.4 156
229 124.8 156
229 125.2 156
229 125.6 156
229 126 156
229 126.4 156
229 126.8 156
229 127.2 156
229 127.6 156
end
start
230 121.6 164
230 122 164
230 122.4 164
230 122.8 163.6
230 123.2 163.6
230 123.6 163.6
230 124 163.6
230 124.4 163.2
230 124.8 163.2
230 125.2 163.2
230 125.6 162.8
230 126 162.8
230 126.4 162.8
230 126.8 162.4
230 127.2 162.4
230 127.6 162.4
end
start
231 128 16.4
231 128.4 17.2
231 128.8 17.6
231 129.2 18.4
231 129.6 18.8
231 130.4 18.4
231 130.8 17.6
231 131.2 17.2
231 131.6 18.8
231 132 18.4
231 132.4 18
231 132.8 17.2
231 133.2 16.4
231 133.6 15.2
231 134 14.4
end
start
232 128 24.4
232 128.4 24.4
232 128.8 24.4
232 129.2 24.4
232 129.6 24.4
232 130 24.4
232 130.4 24
232 130.8 23.6
232 131.2 23.6
232 131.6 23.6
232 132 23.6
232 132.4 23.2
232 132.8 23.2
232 133.2 23.2
232 133.6 22.8
232 134 22.8
end
start
233 128 31.2
233 128.4 30.8
233 128.8 28.4
233 129.2 28
233 129.6 27.6
233 130 27.6
233 130.4 30.4
233 130.8 30
233 131.2 30
233 131.6 29.6
233 132 29.6
233 132.4 29.2
233 132.8 29.2
233 133.2 29.2
233 133.6 29.2
233 134 29.2
end
start
234 129.2 36.8
234 129.6 36.8
234 130 36.8
234 130.4 37.6
234 130.8 37.6
234 131.2 37.6
234 131.6 37.6
234 132 37.6
234 132.4 37.6
234 132.8 37.6
234 133.2 38
234 133.6 38
234 134 38
end
start
235 128 43.6
235 128.4 43.6
235 128.8 43.6
235 129.2 44
235 129.6 44
235 130 44.4
235 130.4 44.4
235 130.8 44.4
235 131.2 43.2
235 131.6 43.2
235 132 43.6
235 132.4 44
235 132.8 43.6
235 133.2 43.6
235 133.6 44
235 134 44
end
start
236 131.2 44.8
236 131.6 44.8
236 132 44.8
236 132.4 45.2
236 132.8 45.2
236 133.2 45.2
236 133.6 45.2
236 134 45.6
end
start
237 128 56
237 128.4 56
237 128.8 56
237 129.2 55.2
237 129.6 57.2
237 130 57.2
237 130.4 57.2
237 130.8 57.2
237 131.2 57.2
237 131.6 56.4
237 132 56.8
237 132.4 55.6
237 134 57.2
end
start
238 128 63.2
238 128.4 62.8
238 128.8 63.2
238 129.2 62.8
238 129.6 57.6
238 130 58.8
238 130.4 62.4
238 130.8 62.4
238 131.2 62.4
238 131.6 61.2
238 132 60.4
238 132.8 60.4
238 133.2 60.8
238 133.6 60
238 134 59.2
end
start
239 128 70
239 128.4 69.6
239 128.8 69.6
239 129.2 69.2
239 129.6 69.2
239 130 69.2
239 130.4 68.8
239 130.8 68.4
239 131.2 69.6
239 131.6 70
239 132 67.2
239 132.4 66.8
239 132.8 66.8
239 133.2 66.8
239 133.6 66.4
239 134 66.4
end
start
240 128 76.4
240 128.4 76.4
240 128.8 76.4
240 129.2 76
240 129.6 75.6
240 130 74.8
240 130.4 75.2
240 130.8 75.2
240 131.2 75.2
240 131.6 75.2
240 132 74.8
240 132.4 74.8
240 132.8 74
240 133.2 73.6
240 133.6 73.2
240 134 72.8
end
start
241 128 81.2
241 128.4 81.6
241 128.8 81.6
241 129.2 81.6
241 129.6 81.6
241 130 81.6
241 130.4 81.6
241 130.8 81.6
241 131.2 81.6
241 131.6 81.6
241 132 81.6
241 132.4 81.6
241 132.8 81.6
241 133.2 81.6
241 133.6 81.6
241 134 81.6
end
start
242 132.4 119.2
242 132.8 121.2
242 133.2 117.6
242 133.6 118
242 134 120.8
end
start
243 128 126.8
243 128.4 126.8
243 128.8 126.8
243 129.2 127.2
243 129.6 127.2
243 130 127.2
243 130.4 127.2
243 130.8 127.6
243 131.2 127.6
243 131.6 126
243 132 126.4
243 132.4 126.4
243 132.8 126.4
243 133.2 126.8
243 133.6 127.2
243 134 126.4
end
start
244 128 129.6
244 128.4 129.6
244 128.8 129.6
244 129.2 129.6
244 129.6 129.6
244 130 129.6
244 130.4 129.6
244 130.8 129.6
244 131.2 129.6
244 131.6 129.6
244 132 129.2
244 132.4 129.2
244 132.8 128.8
244 133.2 128.4
244 133.6 128.4
244 134 128.4
end
start
245 128 140.4
245 128.4 140.4
245 128.8 140.4
245 129.2 140.4
245 129.6 140.4
245 130 140
245 130.4 140
245 130.8 140
245 131.2 139.6
245 131.6 139.6
245 132 139.2
245 132.4 139.2
245 132.8 138.8
245 133.2 138.4
245 133.6 138.4
245 134 138
end
start
246 128 152.4
246 128.4 152.4
246 128.8 152.4
246 129.2 152.8
246 129.6 152.8
246 130 152.8
246 130.4 152.8
246 130.8 152.8
246 131.2 152.8
246 131.6 153.2
246 132 153.2
246 132.4 153.2
246 132.8 153.2
246 133.2 153.2
end
start
247 128 156.4
247 128.4 156.4
247 128.8 156.4
247 129.2 156.4
247 129.6 156.8
247 130 156.8
247 130.4 156.8
247 130.8 156.8
247 131.2 156.8
247 131.6 156.8
247 132 157.2
247 132.4 157.2
247 132.8 157.2
247 133.2 157.2
247 133.6 157.6
247 134 157.6
end
start
248 128 162.4
248 128.4 162
248 128.8 162
248 129.2 162
248 129.6 162
248 130 161.6
248 130.4 161.6
248 130.8 161.6
248 131.2 161.2
248 131.6 161.2
248 132 161.2
248 132.4 160.8
248 132.8 160.8
248 133.2 160.8
248 133.6 160.8
248 134 160.4
end
start
249 134.4 22.4
249 134.8 22.4
249 135.2 22.4
249 135.6 22.4
249 136 22.4
249 136.4 22.4
249 136.8 22.8
249 137.2 22.8
249 137.6 23.2
249 138 23.2
249 138.4 23.2
249 138.8 23.2
249 139.2 22.8
249 139.6 22.4
249 140 23.2
249 140.4 23.2
end
start
250 134.4 29.2
250 134.8 29.2
250 135.2 29.2
250 136 31.6
250 136.4 31.6
250 136.8 31.2
250 137.2 30.8
250 137.6 30.4
250 138 31.6
250 138.4 31.6
250 138.8 31.2
250 139.2 30.8
250 139.6 30.8
250 140 30
250 140.4 30.4
end
start
251 134.4 38
251 134.8 38
251 135.2 34
251 135.6 34
251 136 33.6
251 136.4 33.2
251 136.8 38
251 137.2 38
251 137.6 32.4
251 138 32
end
start
252 134.4 44
252 134.8 44.4
252 135.2 44.4
252 135.6 44.4
252 136 44.4
252 136.4 44.4
252 136.8 44
252 137.2 44
252 137.6 42.8
252 138 42.8
252 138.4 42.8
252 138.8 43.2
252 139.2 43.2
252 139.6 43.6
252 140 43.6
252 140.4 43.6
end
start
253 134.4 45.6
253 134.8 45.6
253 135.2 45.6
253 135.6 50.4
253 136 50.4
253 136.4 50.4
253 136.8 50.4
253 137.2 50.4
253 137.6 50.8
253 138 50.8
253 138.4 46.8
253 138.8 46.8
253 139.2 46.8
253 139.6 46.8
253 140 46.8
253 140.4 50
end
start
254 134.4 57.2
254 134.8 56.8
254 135.2 56.8
254 135.6 56.4
254 136 56
254 136.4 56.8
254 136.8 57.2
254 137.2 55.2
254 137.6 52.4
254 138 52
254 139.6 57.2
254 140 57.2
254 140.4 56.8
end
start
255 134.4 58.8
255 134.8 58.8
255 135.2 58.4
255 135.6 58
255 136 58
255 136.4 63.6
255 136.8 63.2
255 137.2 62.8
255 137.6 62.4
255 138 62
255 138.4 61.2
255 138.8 63.6
255 139.2 63.6
255 139.6 63.2
255 140 63.2
255 140.4 62.8
end
start
256 134.4 66
256 134.8 68
256 135.2 68.8
256 135.6 68.8
256 136 69.6
256 136.4 69.2
256 136.8 68.8
256 137.2 70
256 137.6 70
256 138 70
256 138.4 69.6
256 138.8 69.2
256 139.2 68.8
256 139.6 68.8
256 140 68.4
256 140.4 68
end
start
257 134.4 72.4
257 134.8 72.4
257 135.2 72
257 135.6 71.6
257 136 71.2
257 136.4 71.2
257 136.8 70.8
257 137.2 70.4
end
start
258 134.4 81.6
258 134.8 82
258 135.2 82
258 135.6 81.6
258 136 81.6
258 136.4 81.6
258 136.8 81.6
258 137.2 81.6
258 137.6 82
258 138 82
258 138.4 82
258 138.8 82
258 139.2 82
258 139.6 82
258 140 82
258 140.4 82
end
start
259 134.4 121.2
259 136.8 121.2
259 137.2 120.8
259 137.6 120.4
259 138 120.4
259 138.4 120.4
259 138.8 120.4
259 139.2 120
259 139.6 120
259 140 120
259 140.4 120
end
start
260 134.4 126.8
260 134.8 126.4
260 135.2 126
260 135.6 124.4
260 136 124
260 136.4 127.6
260 136.8 127.6
260 137.2 127.6
260 137.6 127.6
260 138 124
260 138.4 124
260 138.8 124
260 139.2 124.4
260 139.6 124.4
260 140 124.4
260 140.4 124.4
end
start
261 134.4 128.4
261 134.8 128.4
261 135.2 128.4
261 135.6 128
261 136 128
261 138 128
261 138.4 128
261 138.8 128
261 139.2 128
261 139.6 128
261 140 128.4
261 140.4 128.4
end
start
262 134.4 138
262 134.8 137.6
262 135.2 137.6
262 135.6 137.2
262 136 137.2
262 136.4 136.8
262 136.8 136.8
262 137.2 136.4
262 137.6 136.4
262 138 136
262 138.4 136
262 138.8 136
262 139.2 135.6
262 139.6 135.6
262 140 135.2
262 140.4 135.2
end
start
263 134.4 157.6
263 134.8 157.6
263 135.2 157.6
263 135.6 157.6
263 136 157.6
263 136.4 157.6
263 136.8 157.6
263 137.2 159.6
263 137.6 159.6
263 138 159.6
263 138.4 159.6
263 138.8 159.6
263 139.2 159.2
263 139.6 158.8
263 140 158.8
263 140.4 158.8
end
start
264 134.4 160.4
264 134.8 160.4
264 135.2 160
264 135.6 160
264 136 160
264 136.4 160
264 136.8 160
end
start
265 137.6 191.6
265 138 191.6
265 138.4 191.6
265 138.8 191.6
265 139.2 191.6
265 139.6 191.6
265 140 191.6
265 140.4 191.2
end
start
266 140.8 18.8
266 141.2 18.8
266 141.6 18.4
266 142 18.4
266 142.4 18
266 142.8 17.6
266 143.2 18.8
266 143.6 18.8
266 144 18.4
266 144.4 18.4
266 144.8 18
266 145.2 17.6
266 145.6 17.6
266 146 17.2
266 146.4 16.8
266 146.8 16.4
end
start
267 140.8 23.2
267 141.2 23.2
267 141.6 25.2
267 142 22.8
267 142.4 22.8
267 142.8 22.8
267 143.2 22.8
267 143.6 22.8
267 144 22.8
267 144.4 22.8
267 144.8 22.4
267 145.2 22.4
267 145.6 22.4
267 146 22.4
267 146.4 22.4
267 146.8 22
end
start
268 140.8 28.8
268 141.2 28.8
268 141.6 28.4
268 142 28
268 142.4 28
268 142.8 28
268 143.2 28
268 143.6 27.6
268 144 28
268 144.4 28
268 144.8 28
268 145.2 27.2
end
start
269 143.6 36
269 144 36
269 144.4 36
269 144.8 36
269 145.2 36
269 145.6 36
269 146 36
269 146.4 37.2
269 146.8 37.2
end
start
270 140.8 43.6
270 141.2 43.6
270 141.6 43.6
270 142 44
270 142.4 44.4
270 142.8 44.4
270 143.2 43.2
270 143.6 43.6
270 144 44
270 144.4 44.4
270 144.8 44.4
270 145.2 43.6
270 145.6 44
270 146 44.4
end
start
271 140.8 50
271 141.2 50.4
271 141.6 50.4
271 142 50.4
271 142.4 50
271 142.8 49.6
271 143.2 49.2
271 143.6 49.6
271 144 50.4
271 144.4 50.4
271 144.8 50.8
271 145.2 48
271 145.6 50.8
271 146 50.8
271 146.4 50.8
271 146.8 50.8
end
start
272 140.8 56.4
272 141.2 55.6
272 142.4 55.2
272 142.8 55.6
272 143.2 57.2
272 143.6 55.2
272 144 54.4
272 144.4 54.8
272 144.8 54.4
272 145.2 54.8
272 145.6 54.4
272 146 54.4
272 146.4 54.4
272 146.8 54.8
end
start
273 140.8 62.8
273 141.2 62.4
273 141.6 62
273 142 61.6
273 142.4 61.2
273 142.8 61.2
273 143.2 60.8
273 143.6 63.6
273 144 63.6
273 144.4 63.6
273 144.8 63.2
273 145.2 62.8
273 145.6 62.8
273 146 62.4
273 146.4 63.6
273 146.8 63.6
end
start
274 140.8 68
274 141.2 67.6
274 141.6 67.2
274 142 66.8
274 142.4 66.8
274 142.8 66.4
274 143.2 66
274 143.6 65.6
274 144 65.6
274 144.4 65.2
274 144.8 64.8
274 145.2 64.8
274 145.6 64.4
274 146 64
274 146.4 64
end
start
275 140.8 82
275 141.2 82
275 141.6 82
275 142 82
275 142.4 82
275 142.8 82
275 143.2 82
275 143.6 82
275 144 82
275 144.4 81.6
275 144.8 82
275 145.2 82
275 145.6 82
275 146 82
275 146.4 82
275 146.8 82
end
start
276 144.4 108.4
276 144.8 104.8
276 145.2 104.8
276 145.6 105.2
276 146 107.6
276 146.4 108.4
end
start
277 140.8 120
277 141.2 120.4
277 141.6 120.4
277 142 120.8
277 142.4 121.2
277 144.4 120.8
277 144.8 120.8
277 145.2 120.8
277 146.4 121.2
end
start
278 140.8 124.4
278 141.2 124
278 141.6 126
278 142 126.4
278 142.4 126.8
278 142.8 127.2
278 143.6 127.6
278 144 126.4
278 144.4 124
278 145.6 127.6
278 146 125.6
278 146.4 125.6
end
start
279 140.8 128.4
279 141.2 128.4
279 141.6 128.4
279 142 134
279 142.4 134
279 142.8 134
279 143.2 133.6
279 143.6 133.6
279 144 133.2
279 144.4 133.2
279 144.8 132.8
279 145.2 132.4
279 145.6 132.4
279 146 132
279 146.4 132
279 146.8 131.6
end
start
280 140.8 158.8
280 141.2 158.8
280 141.6 158.8
280 142 158.8
280 142.4 158.8
280 142.8 158.8
280 143.2 158.8
280 143.6 158.8
280 144 158.8
280 144.4 156.4
280 144.8 156.4
280 145.2 156.4
280 145.6 156.8
280 146 155.2
280 146.4 155.2
280 146.8 155.2
end
start
281 140.8 191.2
281 141.2 191.2
281 141.6 191.2
281 142 191.2
281 142.4 191.2
281 142.8 190.8
281 143.2 190.8
281 143.6 190.8
281 144 190.8
281 144.4 190.8
281 144.8 190.8
281 145.2 190.8
281 145.6 191.2
281 146 191.2
281 146.4 191.2
281 146.8 191.6
end
start
282 148.4 10
282 148.8 10.8
282 149.2 11.2
282 149.6 11.2
282 150 11.2
282 150.4 12.4
282 150.8 12
282 151.2 11.6
282 151.6 11.6
282 152 11.6
282 152.4 11.6
282 152.8 11.6
282 153.2 12
end
start
283 147.2 16
283 147.6 18.8
283 148 18.8
283 148.4 18.4
283 148.8 18.4
283 149.2 18
283 149.6 18
283 150 17.6
283 150.4 17.6
283 150.8 18.8
283 151.2 18.8
283 151.6 18.4
283 152 18.4
283 152.4 18
283 152.8 18
283 153.2 18
end
start
284 147.2 21.2
284 147.6 22.8
284 148 22.8
284 148.4 25.2
284 148.8 25.2
284 149.2 25.2
284 149.6 24.8
284 150 24.8
284 150.4 24.8
284 150.8 24.4
284 151.2 24.4
284 151.6 24.4
284 152 24.4
284 152.4 24
284 152.8 24
284 153.2 24
end
start
285 148.4 26
285 148.8 26.4
285 149.2 26.4
285 149.6 26.4
285 150 26.4
285 150.4 26
285 150.8 26
285 151.2 26
285 151.6 26
285 152 26
285 152.4 25.6
285 152.8 25.6
285 153.2 25.6
end
start
286 147.2 37.2
286 147.6 37.2
286 148 37.6
286 148.4 37.6
286 148.8 37.6
286 149.2 37.6
286 149.6 38
286 150 37.2
286 150.4 37.2
286 150.8 36.8
286 151.2 38
286 151.6 38
286 152 36.8
286 152.4 36.8
286 152.8 37.6
286 153.2 37.6
end
start
287 148.8 43.6
287 149.2 44
287 149.6 44.4
287 150 42.8
287 150.4 43.2
287 150.8 43.6
287 151.2 44
287 151.6 44.4
287 152 42
287 152.4 42
287 152.8 44.4
287 153.2 44
end
start
288 147.2 50.8
288 147.6 50.4
288 148 50
288 148.4 50.4
288 148.8 49.2
288 149.2 49.2
288 149.6 49.6
288 150 49.6
288 150.4 49.6
288 150.8 49.6
288 151.2 50
288 151.6 50.4
288 152 50.8
288 152.4 50.8
288 152.8 50.4
288 153.2 50
end
start
289 147.2 57.2
289 147.6 57.2
289 148 56.8
289 148.4 56.8
289 148.8 56.4
289 149.2 56.4
289 149.6 56
289 150 55.6
289 150.4 55.6
289 150.8 57.2
289 151.2 57.2
289 151.6 57.2
289 152 56.8
289 152.4 56.8
289 152.8 56.4
289 153.2 56.4
end
start
290 147.2 63.2
290 147.6 62.8
290 148 62.8
290 148.4 62.4
290 148.8 62
290 149.2 61.6
290 149.6 61.2
290 150 60.8
290 150.4 60.4
290 150.8 60
290 151.2 60
290 151.6 59.6
290 152 59.2
290 152.4 58.8
290 152.8 58.4
290 153.2 58.4
end
start
291 147.2 124.4
291 147.6 124
291 148 124
291 152.8 127.6
291 153.2 127.6
end
start
292 147.2 131.6
292 147.6 131.2
292 148 130.8
292 148.4 130.8
292 148.8 130.4
292 149.2 130.4
292 149.6 130
292 150 129.6
292 150.4 129.2
292 150.8 128.8
292 151.2 128.8
292 151.6 128.4
292 152 128
292 152.4 128
292 152.8 128
end
start
293 147.2 155.2
293 147.6 155.2
293 148 155.2
293 148.4 155.2
293 148.8 155.2
293 149.2 155.2
293 149.6 155.2
293 150 155.2
293 150.4 155.2
293 150.8 155.6
293 151.2 155.6
293 151.6 155.6
293 152 155.6
293 152.4 155.6
293 152.8 155.6
293 153.2 155.6
end
start
294 147.2 191.6
294 147.6 191.2
294 148 191.2
294 148.4 190.8
294 148.8 190.8
294 149.2 190.8
294 149.6 190.8
294 150 190.8
294 150.4 190.8
294 150.8 190.8
294 151.2 190.8
294 151.6 190.8
294 152 190.8
294 152.4 190.8
294 152.8 190.8
294 153.2 190.8
end
start
295 153.6 12
295 154 12
295 154.4 12
295 154.8 12
295 155.2 12
295 155.6 12
295 156 12
295 156.4 12.4
295 156.8 12.4
295 157.2 12.4
295 157.6 12.4
295 158 12.4
295 158.4 12
295 158.8 12.4
295 159.2 12.4
295 159.6 12.4
end
start
296 153.6 18
296 154 18
296 154.4 18
296 154.8 18
296 155.2 16.8
296 155.6 16.8
296 156 17.6
296 156.4 17.2
296 159.2 18.8
296 159.6 18.8
end
start
297 153.6 25.2
297 154 25.2
297 154.4 25.2
297 156 20.4
297 156.4 20
297 156.8 20
297 157.2 20
297 157.6 20
297 158 20
297 158.4 19.6
297 158.8 19.6
297 159.2 19.2
end
start
298 153.6 38
298 154 38
298 154.4 36.4
298 154.8 36.4
298 155.2 37.6
298 155.6 38
298 156 38
298 156.4 38
298 156.8 36.4
298 157.2 36.4
298 157.6 36.4
298 158 36.4
298 158.4 36.4
298 158.8 37.2
298 159.2 37.6
298 159.6 37.6
end
start
299 153.6 43.2
299 154 41.2
299 154.4 41.2
299 154.8 41.6
299 155.2 41.6
299 155.6 42
299 156 44.4
299 156.4 44.4
299 156.8 42.8
299 157.2 39.6
299 157.6 40.4
299 158 40.8
299 158.4 43.2
299 158.8 42.8
299 159.2 41.2
299 159.6 44.4
end
start
300 153.6 50
300 154 50
300 154.4 50
300 154.8 50
300 155.2 50
300 155.6 50.8
300 156 50.8
300 156.4 50.8
300 156.8 47.2
300 157.2 47.2
300 157.6 47.6
300 158 48
300 158.4 48.4
300 158.8 49.2
300 159.2 49.6
300 159.6 50
end
start
301 153.6 55.6
301 154 57.2
301 154.4 57.2
301 154.8 56.8
301 155.2 56.4
301 155.6 56
301 156 56
301 156.4 56
301 156.8 55.6
301 157.2 55.6
301 157.6 54.8
301 158 52
301 158.4 54.8
301 158.8 54.8
301 159.2 54.8
301 159.6 54.8
end
start
302 156.4 97.2
302 156.8 97.6
302 157.2 98
302 157.6 98
302 158 98
302 158.4 98
302 158.8 98
302 159.2 99.6
302 159.6 102
end
start
303 153.6 127.6
303 154 127.2
303 154.4 126.8
303 154.8 126.8
303 155.2 126.4
303 155.6 126.4
303 156 126.4
303 156.4 126
303 156.8 126
303 157.2 125.6
303 157.6 125.6
303 158 125.6
303 158.4 125.6
303 158.8 125.6
303 159.2 126
303 159.6 125.6
end
start
304 153.6 155.6
304 154 155.6
304 154.4 155.6
304 154.8 155.6
304 155.2 155.6
304 155.6 155.6
304 156 155.6
304 156.4 155.6
304 156.8 155.6
304 157.2 155.6
304 157.6 155.6
304 158 155.6
304 158.4 155.6
304 158.8 155.6
304 159.2 159.6
304 159.6 159.6
end
start
305 153.6 190.8
305 154 190.8
305 154.4 190.8
305 154.8 190.8
305 155.2 190.8
305 155.6 190.4
305 156 190.4
305 156.4 190.4
305 156.8 190.4
305 157.2 190.4
305 157.6 190.4
305 158 190
305 158.4 190
305 158.8 190
305 159.2 190
305 159.6 189.6
end
start
306 160 12.4
306 160.4 12.4
306 160.8 12.4
306 161.2 12.4
306 161.6 12.4
306 162 12.4
306 162.4 12
306 162.8 11.6
306 164 12.4
306 164.4 12.4
306 164.8 12
306 165.2 11.2
306 165.6 10.8
306 166 12.4
end
start
307 160 18.4
307 160.4 16.8
307 160.8 16.8
307 161.2 18.8
307 161.6 18.4
307 162 18.4
307 162.4 18
307 162.8 18
307 163.2 18
307 163.6 18.4
307 164 18.8
307 164.4 18
307 164.8 18
307 165.2 18.8
307 165.6 17.6
307 166 18.8
end
start
308 161.2 19.6
308 161.6 19.6
308 162 19.6
308 162.4 19.6
308 162.8 19.6
308 163.2 22.4
308 163.6 22.4
308 164 22.8
308 164.4 22.8
308 164.8 22.8
308 165.2 22.8
308 165.6 23.2
308 166 23.6
end
start
309 164.4 31.2
309 164.8 31.6
309 165.2 31.6
309 165.6 31.6
309 166 31.6
end
start
310 160 37.6
310 160.4 38
310 160.8 38
310 161.2 38
310 161.6 38
310 162 35.2
310 162.4 37.2
310 162.8 37.2
310 163.2 37.6
310 163.6 38
310 164 38
310 164.4 35.6
310 164.8 35.6
310 165.2 38
310 165.6 36.4
310 166 36.8
end
start
311 160 41.6
311 160.4 41.6
311 160.8 42
311 161.2 44.4
311 161.6 44.4
311 162 42.8
311 162.4 43.2
311 162.8 44.4
311 163.2 44
311 163.6 39.6
311 164 44
311 164.4 44
311 164.8 44
311 165.2 44
311 165.6 40
311 166 40.4
end
start
312 160 50.4
312 160.4 50
312 160.8 49.6
312 161.2 48.4
312 161.6 48.8
312 162 49.2
312 162.4 49.6
312 162.8 50
312 163.2 50
312 163.6 50.4
312 164 50.8
312 164.4 50.8
312 164.8 50.8
312 165.2 47.2
312 165.6 46.8
312 166 46.4
end
start
313 160 52.4
313 160.4 54
313 160.8 55.6
313 161.2 56
313 161.6 56.4
313 162 56.8
313 162.4 57.2
313 162.8 57.2
313 163.2 55.6
313 163.6 56
313 164 56.4
313 164.4 57.2
313 164.8 56
313 165.2 56.4
313 165.6 57.2
313 166 56
end
start
314 162.8 58
314 163.2 58.4
314 163.6 58.8
314 164 59.6
314 164.4 60
314 164.8 60.4
314 165.2 60.4
314 165.6 60.8
314 166 61.2
end
start
315 160 125.6
315 160.4 125.6
315 160.8 125.6
315 161.2 124.8
315 161.6 126
315 162 126.8
315 162.4 127.6
end
start
316 162.8 128.8
316 163.2 130
316 163.6 130.8
316 164 131.6
316 164.4 132.4
316 164.8 133.6
316 165.2 134
end
start
317 160 159.2
317 160.4 158.8
317 160.8 158.8
317 161.2 158.8
317 161.6 158.8
317 162 158.8
317 162.4 158.4
317 162.8 158.4
317 163.2 158.4
317 163.6 158
317 164 158
317 164.4 158
317 164.8 158.4
317 165.2 158
317 165.6 158
317 166 155.2
end
start
318 160 189.6
318 160.4 189.6
318 160.8 189.6
318 161.2 189.2
318 161.6 189.2
318 162 189.2
318 162.4 189.2
318 162.8 189.2
318 163.2 189.2
318 163.6 189.2
318 164 188.8
318 164.4 188.8
318 164.8 188.8
318 165.2 188.8
318 165.6 188.8
318 166 188.8
end
start
319 166.4 12
319 166.8 11.6
319 167.2 11.2
319 167.6 12.4
319 168 12.4
319 168.4 12.4
319 168.8 12.4
319 169.2 12.4
319 170.8 12.4
319 171.2 12.4
319 171.6 12.4
319 172 12
319 172.4 12
end
start
320 166.4 18.8
320 166.8 18.4
320 167.2 18
320 167.6 18
320 168 17.6
320 168.4 17.2
320 168.8 17.2
320 169.2 16.8
320 169.6 16.8
320 170 16.4
320 170.4 16.4
320 170.8 16
320 171.2 16.4
320 171.6 16.4
320 172 13.6
320 172.4 15.6
end
start
321 166.4 23.6
321 166.8 24
321 167.2 24
321 167.6 24.4
321 168 24.8
321 168.4 25.2
321 168.8 25.2
321 169.2 25.2
321 169.6 24.4
321 170 24
321 170.4 24.4
321 170.8 25.2
end
start
322 166.4 30.4
322 166.8 30.4
322 167.2 30.4
322 167.6 30.4
322 168 30.8
322 168.4 30.8
322 168.8 30.4
322 169.2 30.8
322 169.6 30.4
322 170 31.6
322 170.4 31.6
322 170.8 31.2
322 171.2 30.8
322 171.6 29.6
end
start
323 166.4 37.2
323 166.8 37.6
323 167.2 38
323 167.6 38
323 168 32
323 168.4 32
323 168.8 32.4
323 169.2 38
323 169.6 38
323 170 37.6
323 170.4 37.2
323 170.8 36.8
323 171.2 36.4
323 171.6 38
323 172 38
323 172.4 36.8
end
start
324 166.4 44
324 166.8 43.6
324 167.2 44.4
324 167.6 44
324 168 44
324 168.4 43.6
324 168.8 43.2
324 169.2 40.8
324 169.6 44.4
324 170 44
324 170.4 43.6
324 170.8 42.8
324 171.2 42.4
324 171.6 42.4
324 172 42
324 172.4 42
end
start
325 166.4 46
325 166.8 46
325 167.2 50.4
325 167.6 50.8
325 168 46.8
325 168.4 47.2
325 168.8 47.6
325 169.2 48
325 169.6 48.4
325 170 48.8
325 170.4 49.6
325 170.8 50
325 171.2 50.4
325 171.6 50.8
end
start
326 166.4 55.6
326 166.8 55.6
326 167.2 56.8
326 167.6 56.4
326 168 56.4
326 168.4 56.8
326 168.8 57.2
326 169.2 57.2
326 169.6 56
326 170 56.4
326 170.4 56.8
326 170.8 56.8
326 171.2 57.2
326 171.6 57.2
326 172 51.6
326 172.4 51.6
end
start
327 166.4 61.6
327 166.8 62
327 167.2 62
327 167.6 62.4
327 168 62.8
327 168.4 62.8
327 168.8 63.2
327 169.2 63.2
327 169.6 63.6
327 170 63.6
327 170.4 63.6
327 170.8 62.4
327 171.2 62.8
327 171.6 62.8
327 172 63.2
327 172.4 63.2
end
start
328 170.4 64
328 170.8 64.4
328 171.2 64.4
328 171.6 64.8
328 172 64.8
328 172.4 64.8
end
start
329 170 89.2
329 170.4 89.2
329 170.8 89.2
329 171.2 88
329 171.6 88
329 172 87.6
329 172.4 87.6
end
start
330 170.8 89.6
330 171.2 89.6
330 171.6 89.6
330 172 90
330 172.4 90
end
start
331 166.4 136.8
331 166.8 137.6
331 167.2 138
331 167.6 138.8
331 168 139.2
331 168.4 140
331 168.8 140.4
331 169.2 140.4
end
start
332 169.2 140.8
332 169.6 141.2
332 170 141.6
332 170.4 142
332 170.8 142.4
332 171.2 142.8
332 171.6 143.2
332 172 143.6
332 172.4 144
end
start
333 166.4 155.2
333 166.8 155.2
333 167.2 155.2
333 167.6 155.2
333 168 154.8
333 168.4 154.8
333 168.8 154.8
333 169.2 154.8
333 169.6 154.8
333 170 154.8
333 170.4 154.4
333 170.8 154.4
333 171.2 154.4
333 171.6 154.4
333 172 154.4
333 172.4 154.4
end
start
334 166.4 188.8
334 166.8 189.2
334 167.2 189.2
334 167.6 188.8
334 168 188.8
334 168.4 188.8
334 168.8 188.8
334 169.2 188.4
334 169.6 188.4
334 170 188.4
334 170.4 188.4
334 170.8 188
334 171.2 188
334 171.6 188
334 172 188
334 172.4 188
end
start
335 172.8 12
335 173.2 12
335 173.6 12
335 174 12
335 177.6 12
335 178 12
335 178.4 12
335 178.8 12
end
start
336 172.8 16
336 173.2 16
336 173.6 16
336 174 16
336 174.4 13.2
336 174.8 13.2
336 175.2 13.2
336 175.6 14.8
336 176 16
336 176.4 16
336 176.8 16.4
336 177.2 16.4
336 177.6 16
336 178 14.8
336 178.4 14.4
336 178.8 14.8
end
start
337 174 31.6
337 174.4 31.6
337 174.8 31.2
337 175.2 30.8
337 175.6 31.2
337 176 31.2
337 176.4 31.2
337 176.8 31.2
337 177.2 31.2
337 177.6 30.8
337 178 30.8
337 178.4 30.8
337 178.8 30.8
end
start
338 172.8 36
338 174 32.4
338 174.4 32.8
338 174.8 32.8
338 175.2 32.4
338 175.6 32.4
338 176 32.4
338 176.4 32.8
338 176.8 32.8
338 177.2 32.8
338 177.6 32.8
338 178 32.4
338 178.4 32.4
338 178.8 32.4
end
start
339 172.8 42
339 173.2 42
339 173.6 41.2
339 174 41.2
339 174.4 41.2
339 174.8 41.2
339 175.2 41.6
end
start
340 172.8 52
340 173.2 52
340 173.6 52
340 174 52.4
340 174.4 52.4
340 174.8 52.4
340 175.2 55.2
340 175.6 54.8
340 176 54.8
340 176.4 54.8
340 176.8 54.8
340 177.2 54.4
340 177.6 54.4
340 178 54
340 178.4 54.4
340 178.8 54.4
end
start
341 172.8 63.6
341 173.2 63.6
341 173.6 63.6
341 174 62.8
341 174.4 62.8
341 174.8 63.2
341 175.2 63.2
341 175.6 63.2
341 176 63.2
341 176.4 63.2
341 176.8 62.4
341 177.2 62.8
341 177.6 63.2
341 178 63.2
341 178.4 59.2
341 178.8 59.2
end
start
342 172.8 65.2
342 173.2 65.2
342 173.6 65.2
342 174 65.6
342 174.4 65.6
342 174.8 65.6
342 175.2 65.6
342 175.6 65.6
342 176 66
342 176.4 66
342 176.8 66
342 177.2 66.4
342 177.6 66.4
342 178 66
342 178.4 66
342 178.8 66
end
start
343 172.8 87.6
343 173.2 88
343 173.6 88
343 174 87.6
343 174.4 87.2
343 174.8 87.2
343 175.2 87.2
343 175.6 87.2
343 176 87.2
343 176.4 86.8
343 176.8 86.8
343 177.2 86.8
343 177.6 86.4
343 178 86.4
343 178.4 86.4
343 178.8 86.4
end
start
344 172.8 90
344 173.2 90
344 173.6 90.4
344 174 90.4
344 174.4 90.4
344 174.8 90.8
344 175.2 90.8
344 175.6 90.4
344 176 90.4
344 176.4 90.4
344 176.8 90.8
344 177.2 91.2
344 177.6 91.2
344 178 91.2
344 178.4 91.2
344 178.8 91.2
end
start
345 172.8 144.4
345 173.2 144.4
345 173.6 144.8
345 174 145.2
345 174.4 145.6
345 174.8 145.6
345 175.2 146
345 175.6 146.4
345 176 146.4
345 176.4 146.8
345 176.8 146.8
end
start
346 176.8 147.2
346 177.2 147.2
346 177.6 147.2
346 178 147.6
346 178.4 147.6
346 178.8 148
end
start
347 172.8 154.4
347 173.2 154.4
347 173.6 154.4
347 174 154
347 174.4 154
347 174.8 154
347 175.2 154
347 175.6 154
347 176 154
347 176.4 154
347 176.8 154
347 177.2 154
347 177.6 154
347 178 154
347 178.4 153.6
347 178.8 153.6
end
start
348 176.8 185.2
348 177.2 183.6
348 177.6 183.2
348 178 182.8
348 178.4 182.4
348 178.8 182
end
start
349 172.8 187.6
349 173.2 187.6
349 173.6 187.6
349 174 187.6
349 174.4 187.2
349 174.8 187.2
349 175.2 187.2
349 175.6 187.2
349 176 187.2
349 176.4 187.2
349 177.2 187.2
349 177.6 187.2
349 178 186.8
349 178.4 186.8
end
start
350 179.2 15.2
350 179.6 15.2
350 180 15.2
350 180.4 15.2
350 180.8 15.2
350 181.2 14.8
350 181.6 14
350 182 14
350 182.4 14
350 182.8 14
350 183.2 14
350 183.6 14
350 184 14
350 184.4 13.6
350 184.8 14
350 185.2 14
end
start
351 179.2 30.8
351 179.6 30.4
351 180 30.4
351 180.4 30.4
351 180.8 30
351 181.2 30
351 181.6 30
351 182 29.6
351 182.4 29.2
351 182.8 28.8
351 183.2 31.6
351 183.6 31.6
351 184 29.6
351 184.4 31.6
351 184.8 31.6
351 185.2 31.6
end
start
352 179.2 32.4
352 179.6 32.4
352 180 32
352 180.4 32
352 180.8 32
352 181.2 32
352 181.6 32
352 182 32
352 182.4 32
352 182.8 32
352 183.2 32
352 183.6 32
352 184 32
end
start
353 181.2 50
353 181.6 50.4
353 182 50.4
353 182.4 50.8
353 182.8 50.8
353 183.2 49.6
353 183.6 49.6
353 184 49.6
353 184.4 49.2
353 184.8 49.2
353 185.2 50.8
end
start
354 179.2 54.8
354 179.6 54.8
354 180 54.4
354 180.4 54.4
354 180.8 54.4
354 181.2 54.4
354 181.6 54.4
354 182 54.4
354 182.4 54.4
354 182.8 54.4
354 183.2 54
354 183.6 54
354 184 54
354 185.2 57.2
end
start
355 179.2 63.6
355 179.6 63.6
355 180 63.2
355 180.4 63.2
355 180.8 63.2
355 181.2 63.2
355 181.6 63.2
355 182 62.8
355 182.4 62.8
355 182.8 62.8
355 183.2 62.4
355 183.6 62.4
355 184 62
355 184.4 61.6
355 184.8 59.6
355 185.2 60
end
start
356 179.2 66
356 179.6 65.6
356 180 65.6
356 180.4 65.2
356 180.8 65.2
356 181.2 66
356 181.6 66.8
356 182 66.8
356 182.4 66.8
356 182.8 66.8
356 183.2 66.4
356 183.6 64.8
356 184 64
356 184.4 64
356 184.8 64.8
356 185.2 66.4
end
start
357 179.2 86
357 179.6 85.6
357 180 85.6
357 180.4 85.6
357 180.8 85.2
357 181.2 85.2
357 181.6 85.6
357 182 85.6
357 182.4 85.2
357 182.8 85.2
357 183.2 84.8
357 183.6 84.8
357 184 84.4
357 184.4 84.4
357 184.8 84.4
357 185.2 84.4
end
start
358 179.2 91.2
358 179.6 91.2
358 180 91.2
358 180.4 91.2
358 180.8 91.2
358 181.2 91.2
358 181.6 91.2
358 182 91.2
358 182.4 91.2
358 182.8 91.2
358 183.2 91.2
358 183.6 91.2
358 184 91.2
358 184.4 91.2
358 184.8 90.8
358 185.2 90.8
end
start
359 179.2 148
359 179.6 148
359 180 148.4
359 180.4 148.4
359 180.8 153.2
359 181.2 153.2
359 181.6 153.2
359 182 153.2
359 182.4 153.2
359 182.8 153.2
359 183.2 153.2
359 183.6 153.2
359 184 153.2
359 184.4 153.2
359 184.8 152.8
359 185.2 152.8
end
start
360 179.2 182
360 179.6 181.6
360 180 181.2
360 180.4 180.8
360 180.8 180.8
360 181.2 180.8
360 181.6 180.4
360 182 180.4
360 182.4 180.4
360 182.8 180.4
360 183.2 180
360 183.6 180
360 184 180
360 184.4 180
360 184.8 180
360 185.2 180
end
start
361 185.6 14
361 186 14.4
361 186.4 14.4
361 186.8 14
361 187.2 14
361 187.6 13.6
361 188 13.6
361 188.4 13.6
361 188.8 13.6
361 189.2 13.6
361 189.6 13.6
361 190 13.6
361 190.4 14
361 190.8 14
361 191.2 14
361 191.6 14
end
start
362 186.8 47.6
362 187.2 47.6
362 187.6 47.2
362 188 47.2
362 188.4 50
362 188.8 50.4
362 189.2 50.8
362 189.6 50
362 190 50.4
362 190.4 50.4
362 190.8 50.8
362 191.2 50.8
362 191.6 50
end
start
363 185.6 51.6
363 186 57.2
363 186.4 57.2
363 186.8 54.4
363 187.2 54
363 187.6 54
363 188 52.4
363 188.4 52.4
363 188.8 52.8
363 189.2 53.6
363 189.6 55.6
363 190 56
363 190.4 56.4
363 190.8 56.8
363 191.2 56.8
363 191.6 56.8
end
start
364 185.6 62.4
364 186 63.6
364 186.4 63.6
364 186.8 61.6
364 187.2 59.6
364 187.6 59.6
364 188 60
364 188.4 60.4
364 188.8 60.8
364 189.2 60.8
364 189.6 61.2
364 190 61.6
364 190.4 62
364 190.8 62.4
364 191.2 63.6
364 191.6 63.2
end
start
365 185.6 68.4
365 186 70
365 186.4 64.4
365 186.8 66.8
365 187.2 68
365 187.6 70
365 191.2 64.8
365 191.6 64.8
end
start
366 186.4 72.8
366 186.8 73.6
366 187.2 74.4
366 187.6 74.8
366 188 75.2
366 188.4 75.2
366 188.8 75.2
366 189.2 74.4
end
start
367 185.6 90.8
367 186 90.8
367 186.4 94.8
367 186.8 94.8
367 187.2 94.4
367 187.6 94.4
367 188 94
367 188.4 94
367 188.8 94
367 189.2 94
367 189.6 94
367 190 93.6
367 190.4 93.6
367 190.8 93.6
367 191.2 93.2
367 191.6 92.8
end
start
368 185.6 152.8
368 186 152.8
368 186.4 152.8
368 186.8 152.8
368 187.2 152.8
368 187.6 152.8
368 188 152.8
368 188.4 152.8
368 188.8 152.8
368 189.2 152.8
368 189.6 152.8
368 190 153.2
368 190.4 153.2
368 190.8 153.2
368 191.2 152
368 191.6 152
end
start
369 185.6 180
369 186 180
369 186.4 180
369 186.8 180
369 187.2 180.4
369 187.6 180.4
369 188 180.8
369 188.4 181.2
369 188.8 181.6
369 189.2 182.4
369 189.6 184
369 190 184.4
369 190.4 184.4
369 190.8 184.8
369 191.2 184.4
369 191.6 184.4
end
start
370 186.4 191.6
370 186.8 191.6
370 187.2 191.6
370 187.6 191.6
370 188 191.6
370 188.4 191.6
370 188.8 191.2
370 189.2 191.2
370 189.6 191.2
370 190 191.2
370 190.4 190.8
370 190.8 190.8
370 191.2 190.4
370 191.6 190.8
end
