1 0 85&0 85
2 0 86&1 86
3 0 90&1 90
4 2 86&3 87
5 2 91&3 91
6 4 88&5 89
7 4 92&5 93
8 4 99&5 98
9 6 41&7 40
10 6 89&7 89
11 6 93&6 93
12 6 94&7 94
13 6 97&7 96
14 8 52&9 53
15 8 90&9 91
16 8 94&9 94
17 10 27&11 27
18 10 54&11 55
19 10 92&11 93
20 10 94&10 94
21 12 25&13 25
22 12 26&13 26
23 12 57&13 56
24 12 58&13 59
25 12 92&13 92
26 14 25&15 24
27 14 49&15 49
28 14 50&15 50
29 14 60&15 61
30 14 91&15 90
31 16 45&17 45
32 16 47&17 46
33 16 61&16 61
34 16 62&17 63
35 16 89&17 88
36 18 21&19 21
37 18 22&19 22
38 18 43&19 42
39 18 45&19 44
40 18 64&19 65
41 18 79&19 79
42 19 80&19 80
43 18 87&19 87
44 18 88&18 88
45 20 21&21 21
46 20 41&21 40
47 20 65&21 65
48 20 80&21 81
49 20 83&21 83
50 20 84&21 84
51 20 87&21 86
52 22 19&23 19
53 22 21&23 20
54 23 37&23 37
55 22 39&23 38
56 22 66&23 67
57 22 79&23 79
58 22 81&23 80
59 22 86&23 87
60 22 99&23 98
61 24 19&25 19
62 24 20&25 20
63 24 35&25 34
64 24 59&25 59
65 24 68&25 69
66 24 75&25 75
67 24 77&25 77
68 24 79&25 78
69 24 87&25 87
70 24 97&25 97
71 26 19&27 19
72 26 20&27 20
73 26 33&27 32
74 26 37&27 37
75 26 39&27 38
76 26 57&27 57
77 26 59&26 58
78 26 69&27 69
79 27 71&27 71
80 26 73&27 72
81 26 75&27 74
82 26 77&26 76
83 26 86&27 86
84 26 97&27 96
85 28 19&29 19
86 28 31&29 30
87 28 35&29 35
88 28 37&29 36
89 28 69&29 68
90 28 71&28 70
91 28 73&29 72
92 28 81&29 80
93 28 82&29 83
94 28 86&29 86
95 28 95&29 94
96 30 19&31 19
97 30 29&31 28
98 30 33&31 33
99 30 35&31 34
100 30 65&31 65
101 30 67&31 66
102 30 80&31 81
103 30 83&31 82
104 30 85&31 85
105 30 94&31 94
106 32 19&33 19
107 32 24&33 24
108 32 27&33 26
109 32 31&33 31
110 32 33&33 32
111 33 45&33 45
112 32 46&33 47
113 33 48&33 49
114 32 61&33 61
115 32 63&33 63
116 32 65&33 64
117 32 79&33 78
118 32 81&33 80
119 32 82&33 83
120 32 85&33 84
121 32 93&33 92
122 34 19&35 19
123 34 20&35 21
124 34 24&35 24
125 34 29&35 29
126 34 31&35 30
127 35 39&35 39
128 34 41&35 41
129 34 43&35 43
130 34 45&35 44
131 34 46&35 47
132 34 49&35 49
133 34 51&35 50
134 34 54&35 54
135 34 57&35 57
136 34 59&35 59
137 34 61&35 60
138 34 77&35 76
139 34 80&35 80
140 34 82&35 83
141 34 91&35 91
142 34 92&34 92
143 36 19&37 18
144 36 21&37 21
145 36 27&37 26
146 36 39&37 38
147 36 41&37 41
148 36 43&37 43
149 36 47&37 47
150 36 48&37 48
151 36 57&37 57
152 36 59&37 58
153 36 73&37 73
154 36 75&37 74
155 36 79&37 79
156 36 80&37 81
157 36 91&37 90
158 38 19&39 19
159 38 22&39 23
160 38 25&39 25
161 38 37&39 37
162 38 38&39 38
163 38 45&39 45
164 38 47&39 47
165 38 49&39 49
166 38 51&39 51
167 38 52&39 53
168 38 55&39 55
169 38 57&39 56
170 38 69&39 68
171 38 71&39 71
172 38 72&39 73
173 38 79&39 78
174 38 80&38 80
175 38 90&39 90
176 38 93&39 92
177 40 20&41 21
178 40 22&41 23
179 40 25&41 25
180 40 35&41 35
181 40 49&41 49
182 40 51&41 51
183 40 53&41 52
184 40 68&41 68
185 40 71&41 70
186 40 73&41 72
187 40 74&41 75
188 40 77&41 76
189 40 89&41 88
190 40 91&41 91
191 42 21&43 21
192 42 23&43 23
193 42 25&43 24
194 42 33&43 32
195 43 42&43 43
196 42 49&43 48
197 42 51&43 51
198 42 52&43 52
199 43 59&43 59
200 42 63&43 62
201 42 68&43 69
202 42 70&43 71
203 42 72&43 73
204 42 75&43 75
205 42 88&43 88
206 42 91&43 90
207 44 21&45 21
208 44 23&45 23
209 44 32&45 32
210 44 43&45 43
211 44 47&45 46
212 44 48&45 48
213 44 51&45 51
214 44 59&45 58
215 44 69&45 69
216 44 73&44 73
217 44 75&45 75
218 44 87&45 87
219 44 89&45 89
220 46 23&47 23
221 46 28&47 28
222 46 31&47 31
223 46 43&47 43
224 46 44&47 45
225 46 46&47 46
226 46 51&47 51
227 46 53&47 53
228 46 54&46 54
229 46 70&47 70
230 46 75&47 75
231 46 87&47 86
232 46 89&47 88
233 48 23&49 23
234 48 27&49 27
235 48 28&49 28
236 48 31&49 31
237 49 43&49 43
238 48 44&49 44
239 48 46&49 47
240 48 48&49 48
241 48 51&49 51
242 48 53&49 52
243 48 70&49 70
244 48 75&49 75
245 48 76&49 76
246 49 85&49 85
247 48 86&48 86
248 48 88&49 88
249 51 19&51 18
250 50 21&51 21
251 50 23&51 23
252 50 24&51 24
253 50 31&51 31
254 50 38&51 39
255 50 43&51 43
256 50 44&51 45
257 50 47&51 47
258 50 48&51 49
259 50 51&51 50
260 50 52&51 53
261 50 55&51 54
262 50 56&51 57
263 50 58&51 59
264 50 67&51 66
265 50 69&51 69
266 50 75&51 75
267 50 76&51 76
268 50 85&51 84
269 50 87&51 87
270 52 17&53 17
271 52 21&53 21
272 52 23&53 22
273 52 25&53 25
274 52 31&53 30
275 52 32&53 33
276 52 35&53 35
277 52 36&53 37
278 52 41&53 41
279 52 43&53 42
280 52 45&53 44
281 52 47&53 47
282 52 49&53 49
283 52 51&52 50
284 52 55&53 55
285 52 57&53 57
286 52 62&53 62
287 52 65&53 64
288 52 67&53 67
289 52 69&53 69
290 52 75&53 75
291 52 76&53 76
292 52 84&53 84
293 52 87&53 86
294 54 15&55 14
295 54 17&55 17
296 54 18&55 19
297 54 21&55 20
298 54 23&55 22
299 54 25&55 24
300 54 27&55 27
301 54 29&55 29
302 54 33&55 33
303 54 34&55 34
304 54 38&55 39
305 54 41&55 41
306 54 43&55 42
307 54 44&55 45
308 54 46&55 46
309 54 48&55 49
310 54 50&55 51
311 54 53&55 52
312 54 55&55 55
313 54 57&55 56
314 54 62&55 63
315 54 64&55 65
316 54 67&55 67
317 54 69&55 68
318 54 75&55 75
319 54 76&55 76
320 55 83&55 83
321 54 84&55 85
322 54 86&55 86
323 56 11&57 11
324 56 13&57 13
325 56 15&57 15
326 56 17&57 16
327 56 19&56 19
328 56 20&57 20
329 56 22&57 23
330 56 27&57 27
331 56 29&57 28
332 56 30&57 30
333 56 39&57 39
334 56 41&57 40
335 56 43&57 43
336 56 44&56 44
337 56 51&57 51
338 56 55&57 54
339 56 56&57 57
340 56 63&57 63
341 56 65&57 64
342 56 68&57 68
343 56 75&57 75
344 56 76&57 76
345 56 83&57 83
346 58 12&59 13
347 58 15&59 15
348 58 17&59 16
349 58 21&59 21
350 58 22&59 22
351 59 25&59 25
352 58 27&59 27
353 58 29&59 29
354 58 30&59 30
355 58 37&59 37
356 58 39&59 38
357 59 41&59 41
358 58 42&59 42
359 58 63&59 62
360 58 65&59 64
361 58 75&59 75
362 58 77&59 77
363 58 82&59 82
364 60 11&61 10
365 60 13&61 12
366 60 15&61 15
367 60 19&61 19
368 60 21&61 21
369 60 27&61 27
370 60 29&61 28
371 60 31&61 31
372 60 37&61 37
373 60 38&61 39
374 60 41&61 40
375 60 62&61 62
376 60 64&61 64
377 60 71&61 70
378 60 75&61 75
379 60 77&61 77
380 60 82&61 82
381 60 99&61 98
382 62 8&63 9
383 62 11&63 11
384 62 13&63 13
385 62 15&63 15
386 62 17&63 16
387 62 19&63 19
388 62 21&63 21
389 62 31&63 31
390 62 32&63 33
391 62 35&63 35
392 62 37&63 36
393 62 39&63 38
394 62 62&63 63
395 62 64&63 64
396 62 70&63 70
397 62 77&63 76
398 62 78&63 78
399 62 81&63 81
400 62 98&63 98
401 64 8&65 9
402 64 10&65 11
403 64 13&65 13
404 64 15&65 14
405 64 17&65 17
406 64 19&65 18
407 64 21&65 21
408 64 22&65 22
409 64 27&65 27
410 64 29&65 29
411 64 31&65 30
412 64 35&65 35
413 64 36&65 37
414 64 40&65 40
415 64 63&65 63
416 64 64&65 64
417 64 70&65 70
418 64 76&65 76
419 64 78&65 78
420 64 81&65 80
421 64 97&65 96
422 66 7&67 7
423 66 11&67 11
424 66 14&67 14
425 66 17&67 17
426 66 18&67 19
427 66 21&67 21
428 66 22&67 23
429 66 27&67 27
430 66 29&67 29
431 66 33&67 33
432 66 37&67 36
433 66 40&67 40
434 66 59&67 59
435 66 61&67 61
436 66 63&67 62
437 66 64&67 64
438 66 69&67 68
439 66 76&67 76
440 66 78&67 78
441 66 80&67 80
442 66 96&67 96
443 68 11&69 11
444 68 15&69 15
445 68 16&69 16
446 68 21&69 21
447 68 23&69 23
448 68 25&69 25
449 68 26&69 26
450 68 29&69 28
451 68 31&69 31
452 68 32&69 33
453 68 35&69 34
454 68 40&69 41
455 68 61&69 61
456 68 62&69 62
457 68 64&69 64
458 68 68&69 68
459 68 76&69 77
460 68 78&69 79
461 68 95&69 95
462 70 9&71 9
463 70 11&71 11
464 70 13&71 13
465 70 15&71 14
466 70 21&71 21
467 70 23&71 23
468 70 25&71 24
469 70 27&71 27
470 70 28&71 28
471 70 31&71 31
472 70 33&71 32
473 70 41&71 41
474 70 61&71 61
475 70 62&71 63
476 70 64&71 64
477 70 67&71 66
478 70 77&71 77
479 70 79&71 79
480 70 95&71 95
481 72 7&73 7
482 72 9&73 9
483 72 11&73 11
484 72 18&73 18
485 72 21&72 21
486 72 23&73 23
487 72 25&73 25
488 72 27&73 27
489 72 29&73 28
490 72 31&73 31
491 72 32&73 32
492 72 41&73 41
493 72 53&73 53
494 72 60&73 60
495 72 63&73 62
496 72 65&73 65
497 72 66&73 66
498 72 77&73 77
499 72 79&72 78
500 72 95&73 95
501 74 5&75 5
502 74 7&75 6
503 74 9&75 9
504 74 11&75 10
505 74 13&75 13
506 74 17&75 17
507 74 18&75 19
508 74 21&75 21
509 74 23&75 22
510 74 25&75 25
511 74 27&75 27
512 74 28&75 29
513 74 31&75 30
514 74 65&75 64
515 74 77&75 77
516 74 95&75 95
517 76 6&77 6
518 76 9&77 8
519 76 10&77 10
520 76 13&77 12
521 76 17&77 17
522 76 19&77 19
523 76 21&77 21
524 76 22&77 23
525 76 25&77 25
526 76 27&77 27
527 76 29&77 28
528 76 63&77 63
529 76 77&77 77
530 76 95&77 95
531 78 6&79 6
532 78 8&79 9
533 78 10&79 10
534 78 17&79 17
535 78 19&79 18
536 78 21&79 20
537 78 23&79 23
538 78 25&79 25
539 78 27&79 27
540 78 48&79 49
541 78 63&79 62
542 78 77&79 77
543 78 95&79 94
544 80 6&81 7
545 80 9&81 9
546 80 17&81 17
547 80 18&81 19
548 80 20&81 21
549 80 23&81 23
550 80 25&81 25
551 80 26&81 27
552 80 28&81 29
553 80 62&81 63
554 80 77&81 77
555 80 79&81 79
556 80 94&81 94
557 82 5&83 5
558 82 7&83 7
559 82 9&83 9
560 82 11&83 11
561 82 15&83 15
562 82 17&83 16
563 82 19&83 19
564 82 20&83 20
565 82 23&83 23
566 82 25&83 25
567 82 27&83 26
568 82 29&83 29
569 82 30&83 31
570 82 66&83 67
571 83 68&83 69
572 82 77&83 77
573 82 79&82 79
574 82 94&83 94
575 84 7&85 7
576 84 8&85 8
577 84 13&85 13
578 84 15&85 14
579 84 16&85 17
580 84 19&85 19
581 84 21&85 21
582 84 23&85 22
583 84 25&85 25
584 84 26&85 26
585 84 29&85 29
586 84 31&85 31
587 85 44&85 44
588 84 70&85 71
589 84 77&85 77
590 84 94&85 94
591 86 6&87 7
592 87 15&87 15
593 86 17&87 16
594 86 21&87 20
595 86 26&87 27
596 86 29&87 29
597 86 31&87 31
598 86 32&87 32
599 86 43&87 43
600 86 45&87 45
601 86 72&87 73
602 86 77&87 77
603 86 93&87 93
604 86 99&87 98
605 88 7&89 7
606 88 8&88 8
607 88 15&89 15
608 88 16&89 16
609 88 27&89 27
610 88 29&89 29
611 88 31&89 31
612 88 33&89 32
613 88 43&89 42
614 88 45&89 45
615 88 73&89 73
616 88 77&89 76
617 88 91&89 90
618 88 93&89 93
619 88 98&89 98
620 90 7&91 7
621 90 15&91 15
622 90 16&91 16
623 90 25&91 25
624 90 27&91 27
625 90 29&91 29
626 90 31&91 31
627 90 32&91 32
628 90 42&91 42
629 90 45&91 45
630 90 74&91 74
631 90 76&91 76
632 90 90&91 90
633 90 97&91 96
634 92 7&93 6
635 92 14&93 15
636 92 24&93 25
637 92 27&93 27
638 92 29&93 29
639 92 31&93 30
640 92 32&93 33
641 92 34&93 35
642 92 45&93 45
643 92 74&93 75
644 92 76&93 76
645 92 90&93 90
646 92 96&93 96
647 94 6&95 7
648 94 23&95 23
649 94 25&95 25
650 94 26&95 26
651 94 29&95 29
652 94 30&95 31
653 94 45&95 44
654 94 47&95 46
655 94 75&95 75
656 94 76&95 77
657 94 90&94 91
658 94 92&95 92
659 94 95&95 95
660 96 7&97 7
661 96 25&97 25
662 96 26&97 26
663 96 28&97 29
664 96 30&97 31
665 96 44&97 45
666 96 46&97 46
667 96 77&97 76
668 97 91&97 91
669 96 92&96 92
670 96 95&97 94
671 98 6&99 7
672 98 23&98 23
673 98 25&99 25
674 98 26&99 27
675 98 29&99 29
676 98 31&99 30
677 98 43&99 43
678 98 45&99 44
679 98 76&99 77
680 98 89&99 89
681 98 91&99 91
682 98 94&99 94
683 74 5&75 5
684 83 4&83 5
685 67 6&66 7
686 73 6&73 7
687 75 6&74 7
688 81 6&81 7
689 83 6&83 7
690 85 6&84 7
691 87 6&87 7
692 89 6&88 7
693 90 6&90 7
694 99 6&99 7
695 63 8&63 9
696 65 8&64 9
697 66 8&66 9
698 71 8&71 9
699 73 8&73 9
700 75 8&75 9
701 79 8&79 9
702 81 8&81 9
703 83 8&82 9
704 85 8&84 8
705 60 10&60 11
706 63 10&62 11
707 64 10&65 11
708 69 10&69 11
709 71 10&70 11
710 73 10&73 11
711 74 10&74 11
712 77 10&76 10
713 57 12&57 13
714 59 12&59 13
715 60 12&60 13
716 63 12&63 13
717 65 12&65 13
718 70 12&71 13
719 75 12&75 13
720 76 12&76 13
721 83 12&83 13
722 85 12&85 13
723 55 14&55 15
724 57 14&57 15
725 59 14&59 15
726 60 14&61 15
727 63 14&63 15
728 64 14&64 15
729 67 14&66 14
730 69 14&69 15
731 71 14&70 15
732 85 14&85 15
733 91 14&91 15
734 92 14&92 15
735 45 16&45 17
736 46 16&46 17
737 53 16&52 17
738 55 16&55 17
739 57 16&57 17
740 59 16&58 17
741 63 16&62 17
742 67 16&66 17
743 69 16&68 16
744 87 16&86 17
745 29 18&28 19
746 36 18&36 19
747 51 18&51 19
748 55 18&55 19
749 56 18&56 19
750 61 18&60 19
751 65 18&64 19
752 75 18&75 19
753 77 18&77 19
754 78 18&78 19
755 81 18&81 19
756 82 18&83 19
757 85 18&84 19
758 86 18&86 19
759 19 21&19 21
760 21 20&20 21
761 22 20&23 21
762 25 20&24 21
763 40 20&41 21
764 49 20&49 21
765 50 20&50 21
766 53 20&53 21
767 55 20&54 21
768 57 20&57 21
769 58 20&59 21
770 60 20&60 21
771 63 20&63 21
772 64 20&64 21
773 66 20&67 21
774 69 20&69 21
775 70 20&71 21
776 72 21&72 21
777 75 20&75 21
778 77 20&76 21
779 78 20&78 21
780 80 20&81 21
781 83 20&83 21
782 84 20&85 21
783 86 20&86 21
784 19 22&18 22
785 38 22&39 23
786 40 22&41 23
787 42 22&43 23
788 46 22&47 23
789 49 22&49 23
790 53 22&52 23
791 55 22&55 23
792 57 22&57 23
793 59 22&59 23
794 67 22&67 23
795 68 22&69 23
796 71 22&71 23
797 73 22&73 23
798 75 22&75 23
799 76 22&77 23
800 79 22&79 23
801 81 22&81 23
802 83 22&82 23
803 85 22&84 23
804 15 24&14 25
805 33 24&33 24
806 35 24&34 25
807 36 24&36 24
808 39 24&39 25
809 41 24&40 25
810 43 24&42 25
811 50 24&50 25
812 52 24&53 25
813 55 24&54 25
814 71 24&71 25
815 73 24&73 25
816 75 24&75 25
817 77 24&77 25
818 79 24&79 25
819 81 24&81 25
820 82 24&82 25
821 84 24&85 25
822 91 24&91 25
823 92 24&93 25
824 95 24&95 25
825 97 24&97 25
826 99 24&99 25
827 11 26&11 27
828 33 26&32 27
829 37 26&36 27
830 49 26&49 27
831 50 26&50 27
832 57 26&57 27
833 59 26&59 27
834 60 26&60 27
835 63 26&63 27
836 64 27&65 27
837 71 26&71 27
838 73 26&73 27
839 75 26&75 27
840 77 26&77 27
841 79 26&78 27
842 81 26&81 27
843 83 26&83 27
844 85 26&84 27
845 93 26&93 27
846 95 26&95 27
847 97 26&96 27
848 98 26&99 27
849 31 28&30 29
850 35 28&35 29
851 45 28&45 29
852 47 28&47 29
853 57 28&56 29
854 59 28&59 29
855 60 28&60 29
856 64 28&65 29
857 67 28&66 29
858 68 28&68 29
859 71 28&70 29
860 73 28&72 29
861 75 28&75 29
862 77 28&76 29
863 81 28&81 29
864 83 28&83 29
865 85 28&85 29
866 86 28&86 29
867 93 28&93 29
868 95 28&95 29
869 97 28&97 29
870 99 28&99 29
871 29 30&28 31
872 33 30&33 31
873 35 30&34 31
874 45 30&45 31
875 47 30&47 31
876 51 30&51 31
877 53 30&52 31
878 59 30&58 31
879 60 30&61 31
880 62 30&63 31
881 65 30&64 31
882 69 30&69 31
883 71 30&71 31
884 72 30&73 31
885 75 30&74 31
886 83 30&83 31
887 85 30&85 31
888 86 30&86 31
889 88 30&89 31
890 91 30&90 31
891 92 30&93 31
892 94 30&95 31
893 97 30&97 31
894 99 30&98 31
895 27 32&26 33
896 31 32&31 33
897 33 32&32 33
898 41 32&40 33
899 43 32&42 33
900 54 33&55 33
901 63 32&63 33
902 67 32&67 33
903 69 32&69 33
904 71 32&70 33
905 73 32&72 32
906 87 32&87 32
907 89 32&88 33
908 91 32&91 33
909 93 32&93 33
910 25 34&24 35
911 29 34&29 35
912 31 34&30 35
913 38 34&39 35
914 40 34&41 35
915 42 34&42 34
916 63 35&62 35
917 65 34&65 35
918 67 34&67 35
919 69 34&68 35
920 93 34&93 35
921 23 36&23 37
922 24 36&24 36
923 27 36&27 37
924 29 36&28 37
925 39 36&39 37
926 40 36&40 37
927 53 36&53 37
928 54 36&54 37
929 59 37&58 37
930 61 36&61 37
931 62 36&62 37
932 65 36&64 37
933 67 36&66 37
934 93 36&93 37
935 94 36&94 37
936 23 38&22 39
937 27 38&26 39
938 35 39&35 39
939 37 38&36 39
940 39 38&38 39
941 50 38&51 39
942 53 38&52 39
943 57 38&57 39
944 58 38&58 39
945 63 38&62 39
946 7 40&6 41
947 21 40&20 41
948 35 40&35 41
949 36 40&37 41
950 53 40&53 41
951 54 40&55 41
952 57 40&56 41
953 61 40&60 41
954 6 42&6 43
955 19 42&19 43
956 33 42&33 43
957 35 42&35 43
958 37 42&36 43
959 43 42&43 43
960 44 42&45 43
961 46 42&47 43
962 51 42&51 43
963 53 42&52 43
964 55 42&54 43
965 57 42&57 43
966 59 42&58 42
967 89 42&88 43
968 99 42&99 43
969 6 44&6 45
970 17 44&17 45
971 19 44&18 45
972 33 44&33 45
973 35 44&34 45
974 36 44&36 45
975 39 44&39 45
976 47 44&46 45
977 49 44&48 45
978 51 44&51 45
979 53 44&52 45
980 54 44&55 45
981 56 44&56 44
982 97 44&97 45
983 99 44&98 45
984 6 46&7 47
985 15 47&15 47
986 17 46&16 47
987 32 46&33 47
988 35 46&35 47
989 37 46&37 47
990 39 46&39 47
991 45 46&44 47
992 46 46&46 47
993 48 46&49 47
994 50 46&51 47
995 52 46&53 47
996 54 46&55 47
997 7 48&7 49
998 15 48&15 49
999 16 48&16 48
1000 33 48&33 49
1001 35 48&35 49
1002 37 48&37 49
1003 39 48&39 49
1004 43 48&42 49
1005 44 48&44 49
1006 46 48&47 48
1007 51 48&51 49
1008 52 48&52 49
1009 55 48&55 49
1010 78 48&79 49
1011 81 48&80 49
1012 8 50&8 51
1013 15 50&14 51
1014 35 50&34 51
1015 39 50&38 51
1016 41 50&41 51
1017 42 50&42 51
1018 44 50&45 51
1019 51 50&50 51
1020 52 50&52 51
1021 54 50&55 51
1022 56 50&57 51
1023 79 50&79 51
1024 80 50&80 51
1025 8 52&9 53
1026 14 52&14 53
1027 33 52&33 53
1028 34 52&35 53
1029 38 52&39 53
1030 41 52&40 53
1031 43 52&42 53
1032 47 52&47 53
1033 49 52&49 53
1034 50 52&50 53
1035 52 52&53 53
1036 55 52&54 53
1037 57 52&57 53
1038 72 52&73 53
1039 80 52&80 53
1040 10 54&11 55
1041 13 54&13 55
1042 27 54&27 55
1043 35 54&34 55
1044 37 55&37 55
1045 39 54&39 55
1046 40 54&40 54
1047 49 54&49 55
1048 50 54&51 55
1049 53 54&52 55
1050 55 54&54 55
1051 57 54&57 55
1052 73 54&73 55
1053 11 56&11 56
1054 13 56&12 57
1055 26 56&27 57
1056 33 56&33 57
1057 34 56&35 57
1058 37 56&37 57
1059 39 56&38 57
1060 51 56&51 57
1061 52 56&53 57
1062 54 56&54 57
1063 57 56&57 57
1064 73 56&73 57
1065 12 58&13 59
1066 25 58&25 59
1067 26 58&26 59
1068 35 58&35 59
1069 37 58&36 59
1070 45 58&44 59
1071 50 58&51 59
1072 52 58&52 59
1073 66 58&67 59
1074 73 58&73 59
1075 74 58&74 59
1076 14 60&15 61
1077 33 60&33 61
1078 35 60&34 61
1079 43 60&43 61
1080 67 60&66 61
1081 69 60&68 61
1082 70 60&71 61
1083 73 60&73 61
1084 74 60&74 61
1085 80 60&80 61
1086 17 62&17 63
1087 33 62&33 63
1088 43 62&42 63
1089 55 62&55 63
1090 56 62&56 63
1091 64 62&65 63
1092 67 62&66 63
1093 71 62&71 63
1094 73 62&72 63
1095 80 62&81 63
1096 18 64&19 65
1097 20 65&21 65
1098 31 64&31 65
1099 33 64&32 65
1100 41 64&41 65
1101 53 64&52 65
1102 54 64&55 65
1103 56 64&56 65
1104 59 64&58 65
1105 72 64&73 65
1106 75 64&74 65
1107 81 64&81 65
1108 22 66&23 67
1109 29 66&29 67
1110 31 66&30 67
1111 51 66&50 67
1112 52 66&53 67
1113 55 66&55 67
1114 56 66&56 67
1115 71 66&70 67
1116 82 66&83 67
1117 24 68&25 69
1118 29 68&28 69
1119 39 68&38 69
1120 42 68&43 69
1121 50 68&51 69
1122 53 68&53 69
1123 55 68&54 69
1124 67 68&66 69
1125 83 68&83 69
1126 27 70&27 71
1127 28 70&28 71
1128 38 70&39 71
1129 41 70&40 71
1130 42 70&43 71
1131 49 70&49 70
1132 51 70&51 71
1133 84 70&85 71
1134 27 72&26 73
1135 29 72&28 73
1136 37 72&37 73
1137 39 72&39 73
1138 41 72&40 73
1139 43 72&43 73
1140 86 72&87 73
1141 25 74&25 75
1142 27 74&26 75
1143 35 75&35 75
1144 37 74&36 75
1145 38 74&38 75
1146 40 74&41 75
1147 42 74&43 75
1148 46 74&47 75
1149 25 76&25 77
1150 26 76&26 77
1151 35 76&34 77
1152 37 76&37 77
1153 39 77&39 77
1154 41 76&40 77
1155 95 76&95 77
1156 96 76&96 77
1157 23 78&23 79
1158 25 78&24 79
1159 33 78&32 79
1160 34 78&34 79
1161 37 78&37 79
1162 39 78&39 79
1163 69 78&69 79
1164 21 80&21 81
1165 23 80&22 81
1166 29 80&28 81
1167 31 80&31 81
1168 33 80&33 81
1169 34 80&35 81
1170 36 80&36 81
1171 79 80&79 81
1172 96 80&96 81
1173 21 82&21 83
1174 28 82&29 83
1175 31 82&30 83
1176 33 82&33 83
1177 35 82&35 83
1178 36 82&36 83
1179 96 82&96 83
1180 21 84&20 85
1181 30 84&30 85
1182 32 84&32 85
1183 97 84&97 85
1184 2 86&3 87
1185 20 86&20 87
1186 47 86&46 87
1187 51 87&50 87
1188 98 86&98 87
1189 4 88&5 89
1190 6 89&7 89
1191 17 88&16 89
1192 41 88&40 89
1193 43 88&42 88
1194 47 88&46 89
1195 99 88&99 89
1196 0 90&1 90
1197 2 90&3 91
1198 8 90&9 91
1199 15 90&14 91
1200 37 90&36 91
1201 43 90&42 91
1202 89 90&88 91
1203 94 90&94 91
1204 99 90&98 91
1205 4 92&5 93
1206 10 92&11 93
1207 13 92&12 92
1208 33 92&32 93
1209 39 92&38 93
1210 88 92&88 93
1211 9 94&8 95
1212 29 94&28 95
1213 97 94&96 95
1214 7 96&6 97
1215 25 97&24 97
1216 27 96&26 97
1217 65 96&64 97
1218 91 96&90 97
1219 5 