1 12.6 5.2&12 5.4
2 34.8 5.2&35 5.4
3 60.6 5&60.6 6
4 61 5&63.8 6
5 67 5&66 6.2
6 72.4 5.2&73.4 6.2
7 74.4 5&75.2 6.2
8 87.8 5.2&88.2 6.2
9 95.4 5.2&93.6 6.2
10 63.6 8&63.8 9.4
11 67 6.4&65.8 9.4
12 73.2 6.4&71.8 9.4
13 76.2 6.4&75.6 9.4
14 77.4 8.2&79.8 9.4
15 83 6.4&83 9.4
16 85.4 6.4&83.2 9.4
17 89 6.4&88.6 8.2
18 90.2 6.4&90.4 7.6
19 95 6.8&93.2 7.2
20 57.4 11.6&57.4 12.6
21 60.6 9.6&60.6 12.6
22 63.8 9.6&63.2 12.6
23 64.4 9.6&65 12.2
24 70.2 9.6&68.4 12.6
25 73.4 9.6&70.8 12.6
26 75.4 9.6&74.6 12.6
27 79.6 9.6&79.8 12.6
28 82.8 9.6&83 11.8
29 95.8 10.8&93.4 12.6
30 56.4 12.8&56.2 15.8
31 60.6 12.8&60 15.8
32 63.2 12.8&63.8 15.8
33 66.6 13&64 15.6
34 68.6 12.8&69.2 15.8
35 71 12.8&70.6 14.4
36 76.6 12.8&75.8 15.8
37 76.8 12.8&78.6 14.6
38 85.6 12.8&85.2 15.8
39 92.4 13.4&92.6 15.8
40 93.4 13&92.8 15.8
41 46.4 16.2&46.2 17.4
42 53.8 16&51.6 19
43 56.8 16&56 19
44 59.8 16&59.6 18.8
45 63.6 16&61.2 18.6
46 67 16.4&67 19
47 69 16&68.6 19
48 72.4 17.8&72.8 18.8
49 75.8 16.2&75.8 19
50 79.4 17.2&78.2 19
51 83 16&82.6 19
52 85 16&86 19
53 89.4 16.2&88.2 19
54 92 16&90.2 17.4
55 22.2 20&19.4 22.2
56 25.4 19.4&24.4 21.2
57 26.4 19.2&26.8 22
58 31.8 19.2&30 22.2
59 35 19.2&33.2 21.6
60 35.8 19.2&38 22.2
61 38.8 19.2&40.8 22.2
62 41.6 20.6&42.6 22.2
63 51 19.8&49.8 22.2
64 51.4 19.2&53 22.2
65 56 19.2&57.4 22.2
66 59.8 19.8&60.4 22.2
67 63.8 19.2&63.8 21.8
68 64.4 19.2&65.4 22.2
69 68.2 19.2&68.2 22.2
70 71.8 19.2&73 22.2
71 76.2 19.2&76.4 22.2
72 78.4 19.2&79.8 22.2
73 83 19.2&81.4 22.2
74 85.8 19.2&84.8 22.2
75 88.6 19.2&87.8 22.2
76 89.6 20.2&89.8 21.6
77 19 22.4&16.2 24.2
78 30.2 22.4&31.2 24.6
79 33.2 22.6&34.2 25
80 37 22.4&37.4 25.4
81 41 22.4&40.8 25.4
82 42.8 22.4&42 25.4
83 47.2 22.4&47.2 25.4
84 49.8 22.4&50.8 25.4
85 53 22.4&54 25.4
86 57.4 22.4&54.4 25
87 60.2 22.4&59.6 25.4
88 66.2 22.4&67 22.8
89 69.4 22.6&69 25.4
90 73.2 22.4&73.4 25.4
91 76 22.4&76.2 25.4
92 79.8 22.4&78.2 25.4
93 82.6 22.4&82.4 25.4
94 84.8 22.4&85.8 25.4
95 89 22.4&89 25.4
96 90.2 22.4&92.6 25.4
97 95.2 22.4&95.6 25.4
98 12.6 25.8&10.2 28.6
99 14.6 25.6&13.2 26.4
100 25 25.6&24.8 26
101 29.8 27.4&31.6 28.6
102 34.4 25.8&35 28.6
103 38.2 25.6&36.2 28.6
104 40.4 25.6&41 28.6
105 43 26.2&44.2 28.6
106 46.4 26&47.8 28.6
107 50.4 25.8&49.8 28.6
108 53.8 25.6&51.4 28.6
109 57.4 26&56.8 28.4
110 59.8 25.6&60.6 28.6
111 61 26.4&61 28.6
112 64.2 27&67 28.6
113 70.2 25.6&70 28.6
114 73.4 25.6&71.6 28.6
115 76 25.6&75.8 28.6
116 79.6 25.6&77.2 28.6
117 82.6 25.6&82.8 28.6
118 86 25.6&85.8 28.6
119 86.4 25.8&88.2 28.6
120 92.6 25.6&92.6 28.6
121 95.8 25.6&95 28.6
122 9.4 28.8&9.4 31.8
123 10.2 28.8&9.6 31.6
124 28.4 29.4&28.4 31.8
125 31.4 28.8&31.8 31.8
126 35 28.8&33.6 31.8
127 36 28.8&36.6 31.8
128 40.8 28.8&38.4 30
129 44 28.8&42.4 31.2
130 47.6 28.8&45 31.8
131 51 28.8&51 31.6
132 51.2 28.8&51.8 31.8
133 57.2 28.8&57.4 31
134 60.4 28.8&60.6 31.4
135 63.8 29.4&63.2 31.8
136 67 28.8&64.4 31.6
137 69.8 28.8&69.6 31.8
138 73.4 28.8&73.4 31.8
139 75.4 28.8&73.6 31.6
140 77 28.8&76.8 29
141 83 28.8&83 30.6
142 86.2 28.8&85.2 31.8
143 88.8 28.8&86.8 31.8
144 92.4 28.8&89.8 31.8
145 94.4 28.8&95.6 31.8
146 24.2 32&25.4 35
147 28.4 32&25.6 35
148 31.8 32&30.2 35
149 33.2 32&33.8 35
150 36.4 32&38 35
151 41.4 32.6&40.4 35
152 44.6 32.2&44 35
153 46.2 32&47.2 34.4
154 48 34&49.4 35
155 52.4 32&54.2 34
156 54.6 33.2&55.4 34.2
157 63 32&63.8 35
158 64 32.6&65.8 35
159 69.4 32&69 35
160 73.2 32&72.8 35
161 85.4 32&86.2 32.4
162 89.4 32&88.8 33.2
163 92.4 32&90.4 34.8
164 95.6 32&93.8 35
165 22 36.4&21.2 37.6
166 25.4 35.2&24.6 38.2
167 28.6 35.2&27.4 38.2
168 30 35.2&29.8 38.2
169 33.6 35.2&34.4 38.2
170 37.8 35.2&38.2 38.2
171 40.4 35.2&41.2 38.2
172 41.8 35.2&44.6 38
173 49.4 35.2&50.8 38.2
174 52 35.2&53.6 38.2
175 60.6 36.6&60.6 38.2
176 63.6 35.2&60.8 38.2
177 65.8 35.2&64.4 38.2
178 68.6 35.2&67.4 36.2
179 71.4 35.2&72 35.6
180 90 36&89.6 36.6
181 93.8 35.2&94.4 37.6
182 6.6 38.8&6.6 41.4
183 22.2 38.8&22.2 41.4
184 24.6 38.4&22.6 41
185 28.4 38.4&27.8 41.2
186 29.6 38.4&30 41.4
187 33.4 38.4&34.8 41.4
188 38 38.4&37.6 41.4
189 39.4 38.4&39.2 41.4
190 43.4 39.8&41.8 41.4
191 45.2 38.4&46.4 41.4
192 51 38.4&49.6 40.6
193 53.8 38.4&52.6 41.4
194 57.4 38.4&54.6 41.4
195 60.4 38.4&59.8 41.4
196 63.8 38.4&63.8 40.6
197 64 38.4&67 40.8
198 95.8 39.8&93.4 41.4
199 6.2 41.8&6.2 44.4
200 6.4 41.6&6.4 44.6
201 10.8 42.2&10.8 42.4
202 18.6 42.6&18.6 44.6
203 20.4 41.6&22 44.6
204 24.8 41.6&22.8 44.6
205 28.6 42.8&28.2 44.6
206 31.4 41.6&31.8 44.6
207 34.6 41.6&35 44.6
208 37.4 41.6&36.6 44.6
209 41.4 41.6&40.8 44.4
210 44.6 41.6&44.2 44.6
211 46.6 41.6&47.4 44.6
212 48.6 41.8&50.2 44.6
213 54.2 41.6&53.4 44.6
214 56.6 41.6&57.4 44.6
215 59.6 41.6&57.6 44.4
216 63.8 42.2&62.6 43.4
217 66.8 42.4&65.6 43.2
218 68.2 41.6&70.2 43
219 70.4 43&72.4 44
220 74 43.4&75.4 44.6
221 89.4 43&86.8 44
222 92.4 41.8&90 44.6
223 93.4 41.6&95.8 44.6
224 6.4 44.8&7 47.8
225 18.4 44.8&16.4 47.8
226 22 44.8&21.2 47.6
227 23.6 46.2&24.2 46.8
228 28 44.8&26.6 47.8
229 31.8 44.8&30.6 47.8
230 35 44.8&33.8 47.8
231 36.4 44.8&38 47.8
232 39.8 44.8&41.4 47.8
233 44.2 44.8&44.6 47.8
234 47.8 44.8&46.4 47.8
235 49.8 44.8&49.8 47.6
236 52.4 44.8&53 47.8
237 57.2 44.8&55 47.8
238 75.8 44.8&76.2 45.2
239 77.2 45.2&79.6 47.8
240 81.2 45.4&81.2 47.8
241 85.8 44.8&83.4 47.4
242 86.8 45&89.4 47.8
243 92.6 45.4&90.6 47.8
244 95.6 44.8&93.4 47.4
245 7 48&8.2 51
246 15.4 48&15.8 51
247 16.4 48&16 50.6
248 21 48&19.8 50.4
249 25.4 48.2&24.4 51
250 26.4 48&26 51
251 30.6 48&31.6 50.6
252 35 48&35 51
253 37.8 48&37.4 51
254 41.4 48&40.8 51
255 44.4 48&43.4 51
256 46.2 48&47.6 51
257 51 48.2&50.2 51
258 52.8 48&52.2 51
259 55 48&57.2 51
260 58.4 48.4&58.4 51
261 79.6 48&79.8 51
262 81 48&80.6 51
263 88.2 48&86.4 50.2
264 8.4 51.2&9.4 53.2
265 9.6 53.2&10.2 54.2
266 15.6 51.2&13.6 54.2
267 17.2 51.4&17 52.4
268 19.4 51.6&21.8 54.2
269 23.6 51.2&22.6 54.2
270 26 51.2&26.8 54.2
271 30.8 52&30.4 53.2
272 34.4 51.2&34.8 54.2
273 37.2 51.2&38.2 53.6
274 41.4 51.2&40.4 54.2
275 43.2 51.2&42.8 53.2
276 47.8 51.2&46.2 54.2
277 50 51.2&50.8 54.2
278 52.2 51.2&53.4 54.2
279 57.2 51.2&57.4 54.2
280 58.4 51.2&57.8 53.8
281 72.8 52.2&73.2 54.2
282 79.8 51.2&79.6 54
283 80.6 51.2&80.6 53.8
284 10.4 54.4&12.6 57.4
285 13.4 54.4&12.8 56.6
286 17.2 56&17 57.4
287 21.8 54.4&22.2 55.4
288 22.6 54.4&24 56.6
289 27.6 54.8&27.4 57.4
290 29.8 54.4&31.2 57.4
291 34.4 54.4&34 57.4
292 38.2 54.6&37.8 57.4
293 40.4 54.4&39 57.4
294 44.6 54.4&44.6 57.4
295 45.8 54.4&45.6 57.4
296 50.8 54.4&50.4 57.4
297 53.4 54.4&53.6 57.4
298 57.4 54.4&55 57.4
299 73.2 54.4&73.2 57.4
300 76.6 56.4&76.2 57.4
301 78.8 55.6&79 56
302 80.6 55.2&80.4 55.4
303 12.6 57.6&12.6 57.8
304 12.8 58&15.4 60.6
305 16.8 57.8&16.6 59.8
306 20.4 57.6&21.8 58.6
307 25.4 58.4&25 60.6
308 27.2 57.6&26.6 60.6
309 31.4 57.6&29.2 60.6
310 34.4 57.6&34.4 60.6
311 37.6 57.6&37 60.6
312 44.4 57.6&43.8 60.6
313 45.4 57.6&44.8 59.6
314 50.6 57.6&51 58.8
315 54 57.6&52.2 60
316 55.2 57.6&54.4 59.2
317 65.4 57.8&66.4 60.6
318 67.8 57.6&68.4 60.6
319 73.2 57.6&73.2 60.6
320 76.2 57.6&76 60.6
321 79.8 58.6&77 59.4
322 15.6 60.8&15.8 61.2
323 16.2 61.2&18.4 63.8
324 24 61&24 61.2
325 28.4 61.6&28 62.2
326 29 60.8&31.6 63.8
327 34.2 60.8&33 63.8
328 35.2 60.8&35.2 61
329 43.8 60.8&42 63.8
330 53.2 61.6&53.4 62.8
331 55.2 61.2&56 63.8
332 57.8 61.4&59.4 63.8
333 63.8 62&63.8 63.2
334 66.4 60.8&65.6 63.8
335 68.4 60.8&68.8 63.8
336 73.2 60.8&72.8 63.8
337 76 60.8&76.6 63.8
338 79.8 61.4&76.8 63.8
339 80.6 60.8&81.2 63.8
340 18.6 64&19 64.6
341 21.8 64.4&22.2 66.4
342 22.4 64.8&23.4 67
343 31.4 64&31.4 67
344 33 64&32.6 67
345 41.4 65.4&41 66.4
346 42 64&41.6 65
347 54.2 64&52.4 67
348 56 64&57.2 67
349 60.6 64&58.2 67
350 61 64&63.8 64.6
351 66.6 64&65.8 64.8
352 69.8 64&70 64.8
353 72.8 64&71.4 67
354 76.4 64&73.6 65.8
355 81.4 64&82.6 67
356 21.2 67.4&22.2 67.8
357 23.8 67.2&25.4 69
358 28.6 67.2&28.6 70.2
359 30.4 67.2&29.6 70.2
360 32.4 67.2&32 68.6
361 40.4 67.6&41.4 70.2
362 42 68.6&42.6 70.2
363 51 67.2&51 70.2
364 54 67.2&51.8 70.2
365 57.2 67.2&56.6 70.2
366 58.2 68.4&57.8 69.6
367 67 69&64.8 70.2
368 70.2 67.4&67.2 69
369 71 67.2&70.6 67.4
370 82.8 67.2&83 68
371 83.2 68&84.6 70.2
372 28.6 70.4&28.2 73.4
373 29.4 70.4&29.6 73.4
374 38.2 70.4&36.8 73.4
375 41 70.4&39.2 73.4
376 42.6 70.4&43.6 73.4
377 45.2 71&47.8 71.8
378 51 70.4&50.8 71.8
379 51.8 70.4&51.2 72
380 60.2 70.8&60.4 71.2
381 63.6 70.4&60.8 71
382 76.6 71.8&73.6 72.2
383 79.8 71.8&78.2 72.6
384 81.4 71.8&82.2 72.8
385 84.8 70.4&84.4 72.2
386 86.4 72&88.4 73.4
387 14.8 74&14.2 76.6
388 16.8 74.6&16.8 75.2
389 21.2 74.8&21 75.6
390 25 73.6&25.2 76.6
391 28.2 73.6&26.2 76.6
392 29.2 74&28.8 74.6
393 37.4 73.6&37.6 76.6
394 39.8 73.6&41.4 76.6
395 44.2 73.6&42.6 76.2
396 44.8 73.8&47.8 75.8
397 48.2 74.8&51 76.6
398 52.2 75.2&54.2 76.4
399 55 75.4&56.4 76.6
400 62.4 74.6&61.8 76.6
401 88.8 73.6&89.4 74
402 89.8 74&92.2 76.6
403 93.2 75.2&95.4 76.6
404 14.4 76.8&15.6 78
405 16 78&19 79.8
406 25.2 76.8&24 79.8
407 26.2 76.8&26.6 78
408 35 77&34 79.8
409 37.6 76.8&37.6 79.8
410 41.2 76.8&39 79.8
411 60.2 76.8&60.6 77.6
412 63 76.8&63.8 78
413 67 76.8&67 78.8
414 68 76.8&69.4 79.8
415 70.8 77.2&72 79.4
416 75.2 77.6&76.6 77.8
417 79.8 77.8&79.8 79.8
418 83 77.6&82.6 79.8
419 86.2 77.2&84.6 78.6
420 89.4 76.8&87 78
421 95.8 77.4&95.4 79.8
422 22 80&21.8 83
423 23.8 80&23.8 83
424 28.6 81.6&28.6 82.4
425 31.2 80&31.6 83
426 34 80&33.8 83
427 36.4 80&36 83
428 38.8 80&38.4 80.4
429 63.8 81.2&61.2 82
430 67 80.2&64.4 83
431 68.4 80&67.4 80.2
432 79.4 80&79.4 81.8
433 82.2 80&80.4 83
434 95.4 80&95.6 80.4
435 21.8 83.2&21.2 86.2
436 23.4 84&23.4 86
437 31.4 83.2&29.2 86.2
438 33.6 83.2&32 85.2
439 35.8 83.2&35.2 83.6
440 51 85.2&48.2 86.2
441 54.2 84.2&51.2 85.2
442 57 83.2&55 86.2
443 60.6 84.2&57.6 85.2
444 63.8 83.2&61.2 84
445 80.2 84.8&81.2 85.8
446 19 87.8&16.8 89.4
447 21.4 86.4&19.4 87.6
448 22.4 86.8&25.4 87
449 28.6 86.4&25.8 87
450 44.6 87.6&41.6 89
451 47.8 86.4&46 89.4
452 50.8 87.4&48 88.6
453 54.2 86.4&51.2 87.6
454 80.8 86.8&82 88.4
455 7 89.6&9.4 91.4
456 9.8 91.4&12.4 92.6
457 15.8 89.8&13 92.2
458 16.4 89.6&16.2 89.8
459 38.2 90.4&35.2 91.8
460 40.2 89.6&39 92.6
461 44.6 90&42.2 91.2
462 45.6 89.6&45.2 89.8
463 81.6 89.6&82 91.4
464 85 91&84 92.6
465 89.4 91&88.4 92.6
466 92.6 90&90.2 92.6
467 93.4 90&95.4 92.4
468 5.2 92.8&6.2 93.6
469 6.4 93.6&8.2 95.8
470 12 92.8&9.6 95
471 31.8 93.4&29 95.2
472 33.4 92.8&32.2 93.4
473 38.2 93&37.8 93.2
474 38.6 92.8&38.4 93
475 79.8 94.8&77.6 95.4
476 83 93.4&80.4 94.8
477 85 92.8&83.6 94.6
478 88.2 92.8&87 93.8
479 94.6 93&94.2 95.8
480 6 42.2&6.2 44.4
481 5.8 5&9.4 5.2
482 9.2 31.8&9.4 31.8
483 9.2 32&9.4 31.8
484 6.8 37.8&7 37.8
485 6.4 41.4&8.4 40
486 6 42.2&6.6 41.4
487 6.2 44.4&7 47.8
488 6.8 47.4&8.2 51
489 8 50.8&9.4 53.2
490 5.8 89&6.6 89.4
491 5.8 89&9.4 91.4
492 5.8 93.4&9.4 95.2
493 9 5.4&12.6 5.2
494 9.4 28.6&12.6 26.6
495 9.2 31.8&11.6 28.2
496 9.2 32&9.6 31.6
497 9 52.6&10.2 54.2
498 9.8 53.8&12.6 57.4
499 12 57&12.6 57.8
500 9 91&12.6 92.4
501 9 95.2&12.6 92.4
502 12.2 5.2&15.8 5.6
503 13.2 25.4&15.4 24.8
504 12.2 26.8&15.2 25
505 15.4 47.8&15.8 47.2
506 13.8 51&15.8 51
507 13.6 54.2&15.8 51
508 12.2 57.2&13.6 54.2
509 12.2 57.2&15.8 59.2
510 14.6 60.2&15.8 61.2
511 13 67.8&13.4 67.8
512 13.2 76.4&15.8 75
513 13.2 76.4&15.6 78
514 12.2 92.6&15.8 90
515 12.2 92.6&13 92.2
516 15.4 5.4&19 5.2
517 16.2 5.8&16.6 5.8
518 18.8 21.6&19 21.4
519 15.4 24.8&19 22.4
520 17.4 44.6&19 44
521 15.4 47.8&18.8 44.2
522 15.4 49.8&18.2 49.2
523 15.6 51.4&17.6 51.6
524 16.2 57.4&17.2 56.8
525 15.4 60.6&17 57.4
526 15.4 60.8&18.6 62.8
527 17.8 63.4&19 64.6
528 18.8 67.6&19 67.6
529 15.4 75&19 75
530 15.4 77.8&19 79.8
531 17.8 79.4&19 80
532 16.4 89.4&19 87.8
533 15.4 90.2&17.4 89
534 18.6 5.4&22.2 5.6
535 18.8 21.6&22.2 21
536 18.6 22.8&20.4 21.8
537 21.2 37.6&22 36.6
538 20.4 41.4&22.2 41.4
539 18.6 44.6&22.2 42
540 18.6 44.6&22 46.2
541 19.2 50.2&21.2 47.6
542 19.4 51.6&22 54
543 19.6 54.8&22.2 55.4
544 20.4 57.6&21.8 58.6
545 18.6 62.8&20.6 63.6
546 18.6 64.2&22.2 66.4
547 18.8 67.6&22.2 67.8
548 18.6 75&22.2 75.2
549 18.6 79.6&22.2 79.6
550 18.6 79.6&22.2 82.2
551 20.2 84&22 82.6
552 18.6 88.2&22.2 86.8
553 21.8 5.4&25.4 5
554 24.6 5.8&25.2 5.8
555 21.8 21.2&25.4 20.6
556 25 25.4&25.4 25.2
557 24.8 26&25.4 25.2
558 24.2 31.8&24.4 31.6
559 22.6 33&25.4 35
560 21.8 36.8&25.4 37.4
561 21.8 41.2&25.4 40.6
562 21.8 44.4&25.2 42
563 21.8 46.6&24.2 46.8
564 23.6 51&25.4 50.6
565 21.8 54.2&25.4 50.6
566 21.8 54.4&24 56.6
567 21.8 58.6&25.4 60
568 22.4 60.2&25 60.6
569 21.8 66.2&24.6 66.6
570 21.8 67.8&25.4 69
571 21.8 75.2&25.4 76.4
572 22 79.8&25.4 78
573 21.8 83&24.8 80.4
574 21.8 83.2&24.2 82.6
575 21.8 86.6&25.4 87
576 26.6 19&28.6 18.8
577 25 21&28.6 21
578 25 25.4&28 21.8
579 25 25.8&27.6 27.8
580 26.6 30.6&28.6 31.6
581 25 34.4&28.6 31.6
582 25 37.8&28.6 36.8
583 25 37.8&28.6 38.6
584 25.2 42&28.6 42.8
585 25.8 47.8&28.6 45.4
586 25 50.4&27 47.6
587 25.4 50.6&28.6 53.4
588 25.6 54.2&28.4 53.8
589 25 60.6&28 58.4
590 25 60.6&28.4 61.8
591 25 68.8&28.6 70.2
592 26 73.4&28.6 72.8
593 25 75.6&28.6 74.6
594 25 78.4&26.8 77.6
595 28 82&28.6 82.4
596 25 87&28.6 86.4
597 27.8 95.8&28.6 95.4
598 28.2 5&31.8 5.2
599 28.2 18.8&31.8 18.4
600 28.2 20.8&31.8 19.2
601 29 22.6&31.8 24
602 29.8 27.4&31.8 28.4
603 28.4 31.8&31.8 31.8
604 28.2 32&31.8 33.4
605 28.2 37&30.4 34.8
606 28.4 38.4&31.8 41.2
607 28.2 44.6&31.8 44.6
608 28.2 46&31.8 44.8
609 29.4 49&31.8 50.4
610 28.4 53.8&31.6 50.6
611 28.4 53.8&31.2 57.4
612 29.2 60.6&31.6 58.2
613 28.2 62&31.8 63.6
614 28.8 67&31.8 66.2
615 28.2 67.8&31.8 68.8
616 28.2 73.4&30.6 71.8
617 28.2 73.6&29.6 73.4
618 31.2 79.8&31.8 79.6
619 28.2 82.2&31.8 82.6
620 28.8 86.2&31.8 85.2
621 28.2 86.4&30.4 85.8
622 28.2 95.6&31.8 93.6
623 31.4 5.2&35 5.4
624 31.4 18.4&35 18.4
625 31.4 20.4&35 21
626 31.4 24.4&35 24.8
627 31.4 28.6&35 28.6
628 31.4 28.8&35 30.2
629 31.4 33.6&35 33.6
630 32.4 38.2&35 37.8
631 31.6 41.2&35 41
632 31.4 41.6&35 44.6
633 31.8 44.8&35 46.2
634 31.6 50.6&35 51
635 31.6 50.6&35 54
636 33.8 57.2&35 57.2
637 31.4 57.8&35 59.6
638 31.4 63.8&35 61.2
639 31.4 67&33.4 65.6
640 31.4 67.6&32.6 67
641 31.4 79.8&35 77.2
642 31.4 83&35 82
643 31.4 85.4&35 83.8
644 33.4 92.6&35 91.8
645 31.4 93.8&34.4 92.2
646 34.6 5.2&38.2 5.4
647 34.6 18.4&38.2 19
648 34.6 20.8&38.2 22
649 34.6 24.8&38.2 23.2
650 35 28.6&38.2 27.6
651 34.6 30.8&38.2 30
652 34.6 34&38.2 34.8
653 34.6 38&38.2 38.2
654 34.6 41.4&38.2 40
655 34.6 41.8&38.2 43
656 34.6 46.2&38.2 47.6
657 34.6 48.2&38.2 49.2
658 34.6 51.6&38.2 53.6
659 34.6 57.2&38.2 57
660 34.6 60.4&38.2 58.6
661 34.6 61.8&37 60.6
662 36.6 73.4&38.2 73
663 35.2 76.6&38.2 74.8
664 34.6 78.8&38.2 79.2
665 34.6 82.4&38.2 80.4
666 34.6 84&36.2 82.6
667 34.6 92&38.2 90.4
668 37.8 93.2&38.2 93
669 37.8 5.4&41.4 5.8
670 37.8 18.8&38.2 19
671 37.8 21.8&41.4 21.6
672 37.8 21.8&41.4 25
673 37.8 27.8&41.4 25
674 37.8 30.6&41 28.6
675 38 35&41.4 34.6
676 37.8 37.6&41.4 38
677 37.8 41&41.4 38
678 37.8 41&41.4 42.4
679 37.8 47.8&41.4 47.8
680 37.8 50.4&41.4 50.2
681 37.8 53.6&41.4 53.2
682 37.8 57.4&40.8 53.8
683 37.8 59&39.4 57.2
684 41 66.4&41.4 65.6
685 38.4 70.2&41.4 70.2
686 37.8 71.6&41.4 72.2
687 37.8 76.4&41.4 76.6
688 37.8 79.6&41.4 76.6
689 37.8 81&39.4 79.4
690 40.4 89.4&41.4 89
691 37.8 90.6&41.4 91.4
692 37.8 93.2&39.6 92.2
693 41 5.6&44.6 5.8
694 41.4 5.8&44.6 5.8
695 41 20.4&44.6 21.4
696 41 25.2&44.6 23.4
697 41 28.6&44.6 28
698 41 28.6&44.6 29.8
699 41.2 33.8&44.6 32.2
700 41 36.4&44.6 38
701 41.2 38.2&44.6 38
702 41 44.2&44.6 43.8
703 41 44.2&44.6 47.8
704 41 50.2&44.6 50.8
705 41 53.6&44.6 51.6
706 42 56.8&44.6 57.4
707 43 59.8&44.6 59.6
708 42 63.8&44.2 60.2
709 41 66.4&42.2 63.4
710 41 68.4&44.6 69.4
711 41 73&44.4 70.6
712 41 75.2&44.6 75.6
713 41 77.2&42.6 76.2
714 41 89.2&44.6 87.6
715 41 91.8&44.6 90
716 44.2 5.6&47.8 5.6
717 44.6 5.8&45.8 5.8
718 45.4 17&46.6 17
719 44.2 21.2&46.8 22.2
720 44.2 23.6&47.8 25
721 44.2 28.6&47.8 28.6
722 44.2 28.6&47.8 31.6
723 44.2 32.4&47.8 34
724 44.2 37.8&45 38.2
725 44.2 40.2&47.6 41
726 44.2 44.6&47.8 44
727 44.2 44.8&47.8 46.6
728 44.2 50.6&47.8 48.8
729 44.2 52&47.8 53.2
730 44.2 55.2&47.2 53.8
731 44.2 60.2&46 58.2
732 44.2 69.4&47.8 70.2
733 44.4 70.6&47.8 71.8
734 44.2 75.6&47.8 75.8
735 44.2 87.8&47.8 88.6
736 44.2 90.2&46.8 89
737 47.4 5.4&51 5.6
738 49.4 5.8&50.8 5.8
739 48.2 21.8&51 21.2
740 47.4 25.2&51 24.8
741 47.4 25.2&50.8 28
742 47.4 31.4&51 31.6
743 47.4 33.6&51 31.6
744 48 35.6&50.8 38.2
745 47.4 41.2&51 39.6
746 47.4 44.6&51 44
747 47.4 46.8&51 47
748 47.4 51&51 50
749 47.4 53.6&50.8 54.2
750 49.4 54&51 55.6
751 50.4 57.4&51 58.8
752 47.4 70.2&51 70.2
753 47.4 71.6&51 70.4
754 47.4 75.8&51 76.6
755 49.8 76.2&51 76.6
756 47.8 86.2&51 85.2
757 47.4 88.8&51 87.6
758 50.6 5.8&54.2 5.8
759 50.6 5.8&54.2 5.8
760 53.8 15.8&54.2 15.8
761 51.4 19&54.2 17.2
762 50.6 21&54.2 21.6
763 50.6 24&54.2 25.2
764 50.6 26.2&54.2 27.8
765 50.6 31.6&54.2 29.8
766 50.6 31.6&54.2 34
767 50.6 38.2&54.2 38
768 50.6 39.2&54.2 40.4
769 50.6 44.2&54.2 44.2
770 50.6 47.2&54.2 46.6
771 50.6 50.6&54.2 50.2
772 50.6 54&54.2 53.8
773 50.6 54&54.2 56.6
774 50.6 58&54.2 58.8
775 50.6 62&54.2 62.4
776 51 67&54.2 64.2
777 50.6 68.2&54.2 69.2
778 50.8 71.8&51.8 70.4
779 50.6 76.4&54.2 76.4
780 50.6 76.4&54.2 76.4
781 50.6 85.4&54.2 84.2
782 50.6 87.8&54.2 86.4
783 53.8 5.8&57.4 6
784 53.8 5.8&57.4 6
785 56.2 12.2&57.4 12.6
786 53.8 15.8&57.4 14.6
787 53.8 17.6&57.4 17.2
788 53.8 21.6&57.4 22.2
789 53.8 25.4&57.4 24.8
790 53.8 27.6&57.4 27.8
791 53.8 30&57.4 31
792 53.8 33.8&55.6 33.6
793 53.8 37.4&54.2 38
794 53.8 40.6&57.4 39.8
795 53.8 44.4&57.4 44.6
796 53.8 47&57.4 44.6
797 54.2 50.2&57.2 51
798 53.8 53.8&57.4 54.2
799 53.8 57&57.4 57.2
800 53.8 57.6&57.4 57.2
801 53.8 62.4&57.4 63.6
802 53.8 64.6&57.4 66.2
803 53.8 69.2&57.4 69
804 56.4 70.4&57 69.8
805 53.8 76.4&57.4 75.8
806 53.8 76.4&57.4 76.8
807 57.2 83&57.4 83
808 53.8 84.2&57.4 85.2
809 53.8 86.4&55.8 85.8
810 57 5.8&60.6 6
811 57 5.8&60.6 9.4
812 57 12.4&60.6 12.6
813 57 15.6&60.6 13.6
814 57 17.8&60.6 18.2
815 57 22&60.6 22
816 57 24.6&60.6 22
817 57 27.8&60.6 28.6
818 57 30.6&60.6 31.4
819 57.6 38.2&60.6 38.2
820 57 40&60.6 40.8
821 57 43.8&60.6 42.6
822 57 45&57.8 44.2
823 57 51&58.4 51
824 57 51&58.4 51.4
825 57 57.2&58.6 56.8
826 57 57.2&58.2 57
827 57 63.6&60.6 62.4
828 57 63.6&60.6 64
829 57 69.8&58.4 68.6
830 57 69.8&60.6 71
831 57 75.8&60.6 76.6
832 57 76.8&60.6 77.6
833 57.2 83&60.6 82.2
834 57 85.4&60.6 84.2
835 60.2 6&63.8 6
836 60.2 6&63.8 9.4
837 60.2 10.6&63.8 12.2
838 60.2 14.8&63.8 15.8
839 60.2 18.6&63.8 17.2
840 60.2 22.2&63.8 21.8
841 60.2 22.4&63.8 21.8
842 60.2 27&63.8 28
843 60.2 31.2&63.8 31.4
844 60.6 31.4&63.8 35
845 60.2 37.6&63.8 36.8
846 60.2 41&63.8 40.6
847 60.2 43.2&63.8 42.2
848 60.2 62.4&63.8 63.2
849 60.2 64&63.8 64.6
850 60.2 71.2&63.8 70.2
851 60.2 76.6&63.8 76.2
852 60.2 77.6&63.8 78
853 60.2 82.2&63.8 81.2
854 60.2 84.2&63.8 83.2
855 63.4 6&67 5
856 63.4 8.8&67 7.2
857 63.4 12.4&67 11.4
858 63.4 15&67 14.6
859 63.4 17.4&67 19
860 63.4 21.6&67 22
861 63.6 21.8&67 22.8
862 63.6 27.6&67 28.6
863 63.4 31.4&67 29.6
864 63.4 33.2&67 33.2
865 63.4 37&67 36.4
866 63.4 38.8&67 40.8
867 63.6 42.4&66.8 42.4
868 64.6 57.2&67 57
869 64.6 57.2&67 60.4
870 63.4 63.2&67 63.2
871 63.4 64.6&67 64.2
872 63.8 70.2&67 69
873 63.4 70.4&65.8 69.8
874 63.4 76.2&66.6 76.6
875 63.4 78&67 78.8
876 63.4 81.2&67 80.2
877 63.4 83.2&64.4 83
878 66.6 5&70.2 6.2
879 66.6 8.2&70.2 6.2
880 66.6 11.6&70.2 11.6
881 66.6 14.6&70.2 15.6
882 66.6 19&70.2 15.6
883 66.6 21.8&70.2 21.8
884 66.6 22.6&70.2 25
885 66.8 28&70.2 28.4
886 66.6 30.4&70.2 31.4
887 66.6 34.8&70.2 34
888 66.6 36.8&69.4 34.6
889 66.6 40.8&70.2 41
890 66.6 42.4&70.2 43
891 66.6 56.8&67.8 57.4
892 66.6 58.8&70.2 60
893 66.6 63.4&70.2 63
894 66.6 64.2&70.2 64.2
895 66.6 69.2&70.2 67.6
896 66.6 78.6&70.2 79.4
897 66.6 80.4&70.2 79.4
898 68.8 95.8&70.2 95.6
899 69.8 6&73.4 6.2
900 69.8 6&73.4 8.2
901 69.8 11.2&73.4 11
902 69.8 15.4&72.6 13.6
903 69.8 18.8&73.4 18.6
904 69.8 21.8&73.4 21.6
905 69.8 23.4&73.4 25.4
906 69.8 28.6&73.4 27.4
907 69.8 31.6&73.4 31.8
908 69.8 34.4&73.4 31.8
909 71.4 35.4&72.8 35
910 69.8 41&73.4 41
911 69.8 41&73.4 43.8
912 72.2 54.2&73.2 54.2
913 72.2 57.4&73.2 57.4
914 69.8 60&73.2 60.6
915 69.8 62.2&73.2 62.8
916 69.8 64&73.4 65.8
917 69.8 67.8&72.2 66.6
918 69.8 79.4&73.4 77.6
919 69.8 79.4&72 79.4
920 69.8 95.8&73.4 95.8
921 73 5.8&76.6 6
922 73 8.6&76.6 9
923 73 11.2&76.6 12
924 74.2 13&76.6 14.6
925 73 18&76.6 18.8
926 73 22.2&76.6 22
927 73 25.4&76.6 25
928 73 28&76.6 28.2
929 73 31.2&76.6 29.2
930 73 32&74 31.4
931 73 41&74.2 41
932 73 41&76.6 44
933 74.2 44.2&76.2 45.2
934 73 53.8&73.2 54.2
935 73 53.8&76.6 56.8
936 73.2 60.6&76.4 58.8
937 73 62.8&76.6 63.8
938 73 66&76.6 63.8
939 73.6 72.2&76.6 71.8
940 73 79&76.6 77.8
941 73 95.6&76.6 95.4
942 76.2 5.8&79.8 6.2
943 76.2 9&79.8 9.4
944 76.2 12&79.8 12.6
945 76.2 15.6&79.8 12.6
946 76.2 18.4&79.8 18.8
947 76.2 21&79.8 22.2
948 76.2 25.4&79.8 25
949 76.2 28.4&79.8 27.4
950 76.2 29.4&77.6 28.2
951 76.4 44&76.6 44
952 76.2 45.2&79.6 47.8
953 78.2 48.6&79.8 51
954 79.6 54&79.8 52.2
955 76.2 57.4&79.6 54
956 76.2 60.2&79.8 58.8
957 76.2 60.2&79.8 62.8
958 76.2 64&77.4 63.4
959 76.2 71.8&79.8 71.8
960 76.2 77.8&79.8 79.8
961 77 79.6&79.8 81.6
962 76.2 95.4&79.8 94.8
963 79.4 6.2&83 6.2
964 79.4 6.2&83 9.4
965 79.4 12.4&83 11.8
966 79.4 12.4&83 15.8
967 79.4 18.6&83 18.4
968 79.4 21.4&83 20.2
969 79.4 24.6&83 23.2
970 79.4 27.4&83 28
971 80.8 28.2&83 30.6
972 79.4 47.8&83 47.2
973 79.4 49&82 47.4
974 79.6 54&80.6 53.8
975 79.6 54&80.6 55.2
976 79.8 58.8&80.6 60.6
977 79.4 62.8&81.2 63.8
978 81 63.4&82.6 67
979 82.4 66.8&83 68
980 79.4 71.8&82.2 72.8
981 79.4 77.8&83 77.6
982 79.4 81.8&82.6 81.8
983 80.2 85&81.2 85.8
984 80.8 87&82 88.4
985 81.4 89.6&82.4 90.4
986 79.4 95&83 94.4
987 82.6 5.6&86.2 6
988 82.6 9.4&86.2 7.8
989 82.6 11.4&85.4 12.6
990 82.6 15.8&85.8 14.8
991 82.6 19&86.2 18.4
992 82.6 22&86.2 21
993 82.6 23.6&86.2 23.8
994 82.6 28.2&86.2 28.4
995 82.6 30.2&86.2 31.6
996 84 31.4&86.2 32.4
997 85 44.6&86.2 43.8
998 82.6 47.2&86.2 47.2
999 83.2 47.4&86.2 50.4
1000 85.6 51&86 50.6
1001 82.6 67.2&84.6 70.2
1002 84.2 72.2&86.2 72
1003 82.6 79.8&86.2 78
1004 83.2 86&83.6 86.2
1005 83.2 86&84.4 89.4
1006 83.4 91.8&85 91
1007 82.6 94.4&86.2 94
1008 85.8 6.2&89.4 6
1009 85.8 8.2&89.4 7.4
1010 85.8 14.8&89.4 15.4
1011 85.8 19&89.4 17.8
1012 85.8 21.2&89.4 21.6
1013 85.8 25.4&89.4 25.2
1014 85.8 28.6&89.4 27.2
1015 85.8 31.4&89.4 29.6
1016 85.8 32.4&89.4 33
1017 85.8 44&89.4 43.2
1018 85.8 47.2&89.4 47.8
1019 85.8 51&89.4 47.8
1020 85.8 51&86 50.6
1021 85.8 71.6&88.4 73.4
1022 87.6 73&89.4 74
1023 85.8 77.2&89.4 76.8
1024 88.4 92.6&89.4 91
1025 85.8 94&89.2 93.4
1026 89 6&92.6 6
1027 89 7.4&92.6 7
1028 89 15.4&92.6 15.8
1029 89 17&92.6 15.8
1030 89 21&90 21.2
1031 89 25.4&92.6 25.4
1032 89 28.2&92.6 28.6
1033 89 31.6&92.6 30
1034 89 33&92.6 33.2
1035 89.6 36.6&90.6 34.6
1036 89 43.2&92.6 42.2
1037 89 47.4&92.6 47.4
1038 89 47.4&92.6 47.4
1039 89 73.8&92.6 76.4
1040 89 77&92.6 76.4
1041 89 91.4&92.6 90
1042 89 93.4&91.4 92.2
1043 92.2 5.8&95.4 5.2
1044 92.2 6.8&95.8 7
1045 93.4 12.6&95.8 11.2
1046 92.2 15.8&95.2 12.2
1047 92.2 15.8&92.8 15.8
1048 95.4 22.2&95.8 22
1049 92.2 24.6&95.8 25
1050 92.6 28.6&95.8 28.4
1051 92.2 30.8&95.8 31.6
1052 92.2 32&95.8 32.4
1053 92.8 36.8&94.6 37.2
1054 93.4 41.4&95.8 41
1055 92.2 42.2&95.8 44.6
1056 92.2 47.4&95.8 46.4
1057 92.2 47.4&93.4 47.4
1058 92.2 76.6&95.8 76
1059 92.2 76.6&95.8 77.6
1060 95.4 80&95.6 80.4
1061 92.2 91.8&95.8